1  1.616e-15  0.940272  0.0362032  0.00437871  7.48888e-06  0.00445914  4.38561e-06
2  1.61606e-15  0.940272  0.0362032  0.00437871  7.48888e-06  0.00445914  4.38561e-06
3  1.61613e-15  0.940272  0.0362032  0.00437871  7.48888e-06  0.00445914  4.38561e-06
4  1.61622e-15  0.940272  0.0362032  0.00437871  7.48888e-06  0.00445914  4.38561e-06
5  1.61632e-15  0.940272  0.0362032  0.00437871  7.48888e-06  0.00445914  4.38561e-06
6  1.61644e-15  0.940272  0.0362032  0.00437871  7.48888e-06  0.00445914  4.38561e-06
7  1.61657e-15  0.940272  0.0362032  0.00437871  7.48888e-06  0.00445914  4.38561e-06
8  1.61673e-15  0.940272  0.0362032  0.00437871  7.48888e-06  0.00445914  4.38561e-06
9  1.61691e-15  0.940272  0.0362032  0.00437871  7.48888e-06  0.00445914  4.38561e-06
10  1.61711e-15  0.940272  0.0362032  0.00437871  7.48888e-06  0.00445914  4.38561e-06
11  1.61735e-15  0.940272  0.0362032  0.00437871  7.48888e-06  0.00445914  4.38561e-06
12  1.61762e-15  0.940272  0.0362032  0.00437871  7.48888e-06  0.00445914  4.38561e-06
13  1.61793e-15  0.940272  0.0362032  0.00437871  7.48888e-06  0.00445914  4.38561e-06
14  1.61829e-15  0.940272  0.0362032  0.00437871  7.48888e-06  0.00445914  4.38561e-06
15  1.6187e-15  0.940272  0.0362032  0.00437871  7.48888e-06  0.00445914  4.38561e-06
16  1.61917e-15  0.940272  0.0362032  0.00437871  7.48888e-06  0.00445914  4.38561e-06
17  1.61971e-15  0.940272  0.0362032  0.00437871  7.48888e-06  0.00445914  4.38561e-06
18  1.62034e-15  0.940272  0.0362032  0.00437871  7.48888e-06  0.00445914  4.38561e-06
19  1.62105e-15  0.940272  0.0362032  0.00437871  7.48888e-06  0.00445914  4.38561e-06
20  1.62188e-15  0.940272  0.0362032  0.00437871  7.48888e-06  0.00445914  4.38561e-06
21  1.62282e-15  0.940272  0.0362032  0.00437871  7.48888e-06  0.00445914  4.38561e-06
22  1.62391e-15  0.940272  0.0362032  0.00437871  7.48888e-06  0.00445914  4.38561e-06
23  1.62515e-15  0.940272  0.0362032  0.00437871  7.48888e-06  0.00445914  4.38561e-06
24  1.62658e-15  0.940272  0.0362032  0.00437871  7.48888e-06  0.00445914  4.38561e-06
25  1.62822e-15  0.940272  0.0362032  0.00437871  7.48888e-06  0.00445914  4.38561e-06
26  1.6301e-15  0.940272  0.0362032  0.00437871  7.48888e-06  0.00445914  4.38561e-06
27  1.63226e-15  0.940272  0.0362032  0.00437871  7.48888e-06  0.00445914  4.38561e-06
28  1.63473e-15  0.940272  0.0362032  0.00437871  7.48888e-06  0.00445914  4.38561e-06
29  1.63756e-15  0.940272  0.0362032  0.00437871  7.48888e-06  0.00445914  4.38561e-06
30  1.6408e-15  0.940272  0.0362032  0.00437871  7.48888e-06  0.00445914  4.38561e-06
31  1.6445e-15  0.940272  0.0362032  0.00437871  7.48888e-06  0.00445914  4.38561e-06
32  1.64873e-15  0.940272  0.0362032  0.00437871  7.48888e-06  0.00445914  4.38561e-06
33  1.65356e-15  0.940272  0.0362032  0.00437871  7.48888e-06  0.00445914  4.38561e-06
34  1.65907e-15  0.940272  0.0362032  0.00437871  7.48888e-06  0.00445914  4.38561e-06
35  1.66535e-15  0.940272  0.0362032  0.00437871  7.48888e-06  0.00445914  4.38561e-06
36  1.67248e-15  0.940272  0.0362032  0.00437871  7.48888e-06  0.00445914  4.38561e-06
37  1.68059e-15  0.940272  0.0362032  0.00437871  7.48888e-06  0.00445914  4.38561e-06
38  1.68977e-15  0.940272  0.0362032  0.00437871  7.48888e-06  0.00445914  4.38561e-06
39  1.70015e-15  0.940272  0.0362032  0.00437871  7.48888e-06  0.00445914  4.38561e-06
40  1.71186e-15  0.940272  0.0362032  0.00437871  7.48888e-06  0.00445914  4.3856e-06
41  1.72503e-15  0.940272  0.0362032  0.00437871  7.48888e-06  0.00445914  4.3856e-06
42  1.73979e-15  0.940272  0.0362032  0.00437871  7.48888e-06  0.00445914  4.3856e-06
43  1.75628e-15  0.940272  0.0362032  0.00437871  7.48888e-06  0.00445914  4.3856e-06
44  1.77461e-15  0.940272  0.0362032  0.00437871  7.48888e-06  0.00445914  4.3856e-06
45  1.79489e-15  0.940272  0.0362032  0.00437871  7.48888e-06  0.00445914  4.3856e-06
46  1.81721e-15  0.940272  0.0362032  0.00437871  7.48888e-06  0.00445914  4.38559e-06
47  1.8416e-15  0.940272  0.0362032  0.00437871  7.48888e-06  0.00445914  4.38559e-06
48  1.86807e-15  0.940272  0.0362032  0.00437871  7.48888e-06  0.00445914  4.38559e-06
49  1.89655e-15  0.940272  0.0362032  0.00437871  7.48888e-06  0.00445914  4.38559e-06
50  1.92689e-15  0.940272  0.0362032  0.00437871  7.48888e-06  0.00445914  4.38558e-06
51  1.95887e-15  0.940272  0.0362032  0.00437871  7.48888e-06  0.00445914  4.38558e-06
52  1.99217e-15  0.940272  0.0362032  0.00437871  7.48888e-06  0.00445914  4.38557e-06
53  2.02634e-15  0.940272  0.0362032  0.00437871  7.48888e-06  0.00445914  4.38557e-06
54  2.06086e-15  0.940272  0.0362032  0.00437871  7.48888e-06  0.00445914  4.38556e-06
55  2.0951e-15  0.940272  0.0362032  0.00437871  7.48888e-06  0.00445914  4.38555e-06
56  2.12838e-15  0.940272  0.0362032  0.00437871  7.48888e-06  0.00445914  4.38554e-06
57  2.16e-15  0.940272  0.0362032  0.00437871  7.48888e-06  0.00445914  4.38553e-06
58  2.18926e-15  0.940272  0.0362032  0.00437871  7.48888e-06  0.00445914  4.38552e-06
59  2.21559e-15  0.940272  0.0362032  0.00437871  7.48888e-06  0.00445914  4.38551e-06
60  2.23852e-15  0.940272  0.0362032  0.00437871  7.48888e-06  0.00445914  4.38549e-06
61  2.25778e-15  0.940272  0.0362032  0.00437871  7.48888e-06  0.00445914  4.38547e-06
62  2.27335e-15  0.940272  0.0362032  0.00437871  7.48888e-06  0.00445914  4.38545e-06
63  2.28538e-15  0.940272  0.0362032  0.00437871  7.48888e-06  0.00445914  4.38543e-06
64  2.29425e-15  0.940272  0.0362032  0.00437871  7.48888e-06  0.00445914  4.3854e-06
65  2.30046e-15  0.940272  0.0362032  0.00437871  7.48888e-06  0.00445914  4.38537e-06
66  2.30456e-15  0.940272  0.0362032  0.00437871  7.48888e-06  0.00445914  4.38533e-06
67  2.3071e-15  0.940272  0.0362032  0.00437871  7.48888e-06  0.00445914  4.38529e-06
68  2.30858e-15  0.940272  0.0362032  0.00437871  7.48888e-06  0.00445914  4.38525e-06
69  2.30938e-15  0.940272  0.0362032  0.00437871  7.48888e-06  0.00445914  4.38519e-06
70  2.30978e-15  0.940272  0.0362032  0.00437871  7.48888e-06  0.00445914  4.38513e-06
71  2.30997e-15  0.940272  0.0362032  0.00437871  7.48888e-06  0.00445914  4.38505e-06
72  2.31005e-15  0.940272  0.0362032  0.00437871  7.48888e-06  0.00445914  4.38497e-06
73  2.31008e-15  0.940272  0.0362032  0.00437871  7.48888e-06  0.00445914  4.38487e-06
74  2.31009e-15  0.940272  0.0362032  0.00437871  7.48888e-06  0.00445914  4.38476e-06
75  2.3101e-15  0.940272  0.0362032  0.00437871  7.48888e-06  0.00445914  4.38464e-06
76  2.3101e-15  0.940272  0.0362032  0.00437871  7.48888e-06  0.00445914  4.38449e-06
77  2.31011e-15  0.940272  0.0362032  0.00437871  7.48888e-06  0.00445914  4.38432e-06
78  2.31011e-15  0.940272  0.0362032  0.00437871  7.48888e-06  0.00445914  4.38413e-06
79  2.31012e-15  0.940272  0.0362032  0.00437871  7.48889e-06  0.00445914  4.38391e-06
80  2.31012e-15  0.940272  0.0362032  0.00437871  7.48889e-06  0.00445914  4.38365e-06
81  2.31013e-15  0.940272  0.0362032  0.00437871  7.48889e-06  0.00445914  4.38358e-06
82  2.31013e-15  0.940272  0.0362032  0.00437871  7.48889e-06  0.00445914  4.38354e-06
83  2.31013e-15  0.940272  0.0362032  0.00437871  7.48889e-06  0.00445914  4.38353e-06
84  2.32465e-15  0.940272  0.0362032  0.00437871  7.48889e-06  0.00445914  4.38353e-06
85  2.38206e-15  0.940272  0.0362032  0.00437871  7.48889e-06  0.00445914  4.38353e-06
86  2.55006e-15  0.940272  0.0362032  0.00437871  7.48889e-06  0.00445914  4.38353e-06
87  3.00111e-15  0.940272  0.0362032  0.00437871  7.48889e-06  0.00445914  4.38353e-06
88  4.18288e-15  0.940272  0.0362032  0.00437871  7.48889e-06  0.00445914  4.38354e-06
89  7.28098e-15  0.940272  0.0362032  0.00437871  7.48889e-06  0.00445914  4.38357e-06
90  1.00733e-14  0.940272  0.0362032  0.00437871  7.48889e-06  0.00445914  4.3836e-06
91  1.52668e-14  0.940272  0.0362032  0.00437871  7.48889e-06  0.00445914  4.38366e-06
92  2.5254e-14  0.940272  0.0362032  0.00437871  7.48889e-06  0.00445914  4.38379e-06
93  4.5176e-14  0.940272  0.0362032  0.00437871  7.48889e-06  0.00445914  4.38409e-06
94  6.09987e-14  0.940272  0.0362032  0.00437871  7.48889e-06  0.00445914  4.38434e-06
95  8.69065e-14  0.940272  0.0362032  0.00437871  7.48889e-06  0.00445914  4.38476e-06
96  1.30833e-13  0.940272  0.0362032  0.00437871  7.48889e-06  0.00445914  4.3855e-06
97  2.0846e-13  0.940272  0.0362032  0.00437871  7.48889e-06  0.00445914  4.38689e-06
98  3.52695e-13  0.940272  0.0362032  0.00437871  7.4889e-06  0.00445914  4.38955e-06
99  4.65268e-13  0.940272  0.0362032  0.00437871  7.4889e-06  0.00445914  4.39159e-06
100  6.45872e-13  0.940272  0.0362032  0.0043787  7.48891e-06  0.00445914  4.39478e-06
101  9.45886e-13  0.940272  0.0362032  0.0043787  7.48893e-06  0.00445914  4.39997e-06
102  1.46601e-12  0.940272  0.0362032  0.00437869  7.48895e-06  0.00445914  4.40868e-06
103  2.41392e-12  0.940272  0.0362032  0.00437868  7.48902e-06  0.00445913  4.42383e-06
104  3.15518e-12  0.940272  0.0362032  0.00437867  7.48907e-06  0.00445913  4.43477e-06
105  4.32793e-12  0.940272  0.0362032  0.00437866  7.48916e-06  0.00445912  4.45097e-06
106  6.22729e-12  0.940272  0.0362032  0.00437864  7.48932e-06  0.00445911  4.47564e-06
107  9.4032e-12  0.940272  0.0362032  0.00437861  7.48964e-06  0.0044591  4.51431e-06
108  1.49124e-11  0.940272  0.0362032  0.00437856  7.4903e-06  0.00445907  4.57677e-06
109  1.91176e-11  0.940272  0.0362032  0.00437853  7.49082e-06  0.00445905  4.62011e-06
110  2.5486e-11  0.940272  0.0362032  0.00437848  7.4917e-06  0.00445902  4.68156e-06
111  3.52469e-11  0.940272  0.0362032  0.00437841  7.49325e-06  0.00445897  4.77075e-06
112  5.05314e-11  0.940272  0.0362032  0.0043783  7.49613e-06  0.0044589  4.90344e-06
113  7.50551e-11  0.940272  0.0362032  0.00437814  7.5018e-06  0.00445877  5.1059e-06
114  9.29298e-11  0.940272  0.0362032  0.00437802  7.50621e-06  0.00445869  5.24205e-06
115  1.18406e-10  0.940272  0.0362032  0.00437787  7.51336e-06  0.00445856  5.42848e-06
116  1.39294e-10  0.940272  0.0362032  0.00437775  7.51967e-06  0.00445845  5.57477e-06
117  1.63384e-10  0.940272  0.0362032  0.00437761  7.52764e-06  0.00445833  5.73904e-06
118  1.91362e-10  0.940272  0.0362032  0.00437746  7.53788e-06  0.00445818  5.92647e-06
119  2.24092e-10  0.940272  0.0362032  0.00437728  7.55121e-06  0.00445801  6.14215e-06
120  2.47028e-10  0.940272  0.0362032  0.00437715  7.56107e-06  0.00445788  6.28967e-06
121  2.72013e-10  0.940272  0.0362032  0.00437701  7.57253e-06  0.00445775  6.44822e-06
122  2.99122e-10  0.940272  0.0362032  0.00437687  7.58587e-06  0.00445759  6.61868e-06
123  3.28498e-10  0.940271  0.0362032  0.00437671  7.60142e-06  0.00445742  6.80208e-06
124  3.60316e-10  0.940271  0.0362032  0.00437653  7.61955e-06  0.00445723  6.99951e-06
125  3.94772e-10  0.940271  0.0362032  0.00437635  7.64074e-06  0.00445702  7.21218e-06
126  4.32081e-10  0.940271  0.0362032  0.00437614  7.66553e-06  0.00445678  7.44136e-06
127  4.72475e-10  0.940271  0.0362032  0.00437592  7.69458e-06  0.00445652  7.68838e-06
128  5.16203e-10  0.940271  0.0362032  0.00437568  7.72866e-06  0.00445622  7.9547e-06
129  5.63539e-10  0.940271  0.0362032  0.00437541  7.76872e-06  0.00445588  8.24184e-06
130  6.14776e-10  0.940271  0.0362032  0.00437512  7.81587e-06  0.00445551  8.55139e-06
131  6.70234e-10  0.940271  0.0362033  0.0043748  7.87146e-06  0.00445509  8.88503e-06
132  7.30264e-10  0.94027  0.0362033  0.00437445  7.93711e-06  0.00445461  9.24453e-06
133  7.95251e-10  0.94027  0.0362033  0.00437407  8.01476e-06  0.00445407  9.63166e-06
134  8.65616e-10  0.94027  0.0362033  0.00437365  8.1068e-06  0.00445346  1.00483e-05
135  9.41828e-10  0.94027  0.0362033  0.00437318  8.21607e-06  0.00445277  1.04962e-05
136  1.02441e-09  0.940269  0.0362033  0.00437267  8.34607e-06  0.00445198  1.09771e-05
137  1.11393e-09  0.940269  0.0362033  0.00437211  8.50106e-06  0.00445108  1.14929e-05
138  1.21105e-09  0.940269  0.0362033  0.00437148  8.68625e-06  0.00445005  1.20448e-05
139  1.3165e-09  0.940268  0.0362033  0.00437079  8.90806e-06  0.00444888  1.26343e-05
140  1.43108e-09  0.940268  0.0362033  0.00437003  9.17441e-06  0.00444753  1.32619e-05
141  1.55574e-09  0.940267  0.0362033  0.00436917  9.49514e-06  0.00444598  1.39279e-05
142  1.69151e-09  0.940267  0.0362033  0.00436822  9.88256e-06  0.00444418  1.46313e-05
143  1.83957e-09  0.940266  0.0362033  0.00436715  1.03522e-05  0.00444209  1.53702e-05
144  2.00128e-09  0.940266  0.0362033  0.00436595  1.09236e-05  0.00443966  1.61407e-05
145  2.17818e-09  0.940265  0.0362033  0.0043646  1.1622e-05  0.00443681  1.69363e-05
146  2.37205e-09  0.940264  0.0362033  0.00436307  1.24802e-05  0.00443344  1.77473e-05
147  2.58034e-09  0.940263  0.0362034  0.00436136  1.35146e-05  0.00442954  1.85419e-05
148  2.80277e-09  0.940262  0.0362034  0.00435945  1.47551e-05  0.00442503  1.92962e-05
149  3.03914e-09  0.940261  0.0362034  0.00435733  1.62363e-05  0.00441981  1.99826e-05
150  3.28899e-09  0.940259  0.0362035  0.00435498  1.79957e-05  0.0044138  2.05688e-05
151  3.55156e-09  0.940258  0.0362035  0.00435238  2.00724e-05  0.0044069  2.10179e-05
152  3.82585e-09  0.940256  0.0362036  0.00434949  2.25051e-05  0.00439898  2.12899e-05
153  4.11072e-09  0.940254  0.0362037  0.0043463  2.53296e-05  0.00438995  2.13438e-05
154  4.40498e-09  0.940252  0.0362039  0.00434279  2.85753e-05  0.00437969  2.1141e-05
155  4.70759e-09  0.94025  0.0362041  0.00433894  3.22609e-05  0.00436812  2.06503e-05
156  5.01421e-09  0.940247  0.0362044  0.00433476  3.63364e-05  0.00435532  1.98667e-05
157  5.3222e-09  0.940245  0.0362047  0.0043303  4.07377e-05  0.00434138  1.88118e-05
158  5.63097e-09  0.940242  0.0362051  0.00432557  4.54001e-05  0.0043264  1.75282e-05
159  5.82157e-09  0.94024  0.0362054  0.00432259  4.83134e-05  0.00431691  1.6678e-05
160  5.91903e-09  0.940239  0.0362057  0.00431957  5.12108e-05  0.00430729  1.58294e-05
161  5.86716e-09  0.940237  0.036206  0.00431651  5.40314e-05  0.00429767  1.50558e-05
162  5.80684e-09  0.940235  0.0362064  0.00431328  5.69016e-05  0.00428759  1.43255e-05
163  5.74393e-09  0.940233  0.0362067  0.00430987  5.98234e-05  0.00427702  1.36434e-05
164  5.67836e-09  0.940231  0.0362072  0.00430624  6.27994e-05  0.00426593  1.30135e-05
165  5.60972e-09  0.940229  0.0362076  0.0043024  6.58339e-05  0.00425427  1.24392e-05
166  5.5376e-09  0.940227  0.0362081  0.00429831  6.89326e-05  0.00424199  1.1923e-05
167  5.46156e-09  0.940225  0.0362087  0.00429396  7.21026e-05  0.00422903  1.14667e-05
168  5.38122e-09  0.940222  0.0362093  0.00428932  7.53529e-05  0.00421532  1.10707e-05
169  5.29625e-09  0.940219  0.03621  0.00428437  7.8694e-05  0.0042008  1.07348e-05
170  5.20642e-09  0.940216  0.0362108  0.00427906  8.21382e-05  0.00418537  1.04578e-05
171  5.11154e-09  0.940213  0.0362116  0.00427337  8.5699e-05  0.00416894  1.02376e-05
172  5.01686e-09  0.94021  0.0362125  0.00426758  8.91989e-05  0.00415234  1.00777e-05
173  4.91846e-09  0.940207  0.0362135  0.00426142  9.27976e-05  0.00413482  9.96507e-06
174  4.81649e-09  0.940203  0.0362145  0.00425488  9.65058e-05  0.00411629  9.89568e-06
175  4.71113e-09  0.940199  0.0362157  0.0042479  0.000100334  0.00409667  9.86573e-06
176  4.60258e-09  0.940195  0.036217  0.00424047  0.000104292  0.00407589  9.87167e-06
177  4.49106e-09  0.940191  0.0362183  0.00423254  0.00010839  0.00405385  9.91028e-06
178  4.37676e-09  0.940186  0.0362199  0.00422408  0.000112636  0.00403047  9.97886e-06
179  4.25987e-09  0.940181  0.0362215  0.00421504  0.00011704  0.00400564  1.00753e-05
180  4.14057e-09  0.940176  0.0362234  0.00420538  0.000121609  0.00397927  1.0198e-05
181  4.01901e-09  0.94017  0.0362254  0.00419505  0.00012635  0.00395126  1.03461e-05
182  3.89531e-09  0.940164  0.0362276  0.00418401  0.000131271  0.00392151  1.05197e-05
183  3.76959e-09  0.940157  0.03623  0.0041722  0.000136379  0.00388989  1.07194e-05
184  3.64193e-09  0.94015  0.0362326  0.00415956  0.00014168  0.0038563  1.09468e-05
185  3.5124e-09  0.940143  0.0362355  0.00414602  0.000147184  0.00382059  1.12043e-05
186  3.40206e-09  0.940136  0.0362381  0.0041339  0.000151981  0.00378885  1.14458e-05
187  3.28945e-09  0.940129  0.036241  0.00412094  0.000156977  0.00375513  1.17165e-05
188  3.17445e-09  0.940121  0.0362441  0.00410704  0.000162185  0.00371926  1.20209e-05
189  3.05695e-09  0.940112  0.0362474  0.00409212  0.000167623  0.00368105  1.2365e-05
190  2.93678e-09  0.940103  0.0362511  0.00407606  0.00017331  0.0036403  1.27561e-05
191  2.81377e-09  0.940093  0.0362552  0.00405873  0.000179267  0.00359675  1.3204e-05
192  2.68768e-09  0.940082  0.0362596  0.00404  0.000185522  0.00355014  1.37216e-05
193  2.56195e-09  0.940071  0.0362643  0.00402026  0.00019192  0.00350159  1.43075e-05
194  2.43867e-09  0.940059  0.0362693  0.00399983  0.000198359  0.00345191  1.49627e-05
195  2.31733e-09  0.940046  0.0362745  0.0039786  0.000204868  0.00340092  1.57022e-05
196  2.19738e-09  0.940033  0.0362799  0.00395645  0.00021148  0.00334841  1.65461e-05
197  2.07825e-09  0.94002  0.0362856  0.00393322  0.000218236  0.0032941  1.75211e-05
198  1.95932e-09  0.940005  0.0362917  0.00390871  0.000225184  0.00323767  1.86648e-05
199  1.84082e-09  0.93999  0.0362982  0.00388264  0.000232391  0.00317862  2.00241e-05
200  1.72283e-09  0.939973  0.0363051  0.00385463  0.000239938  0.00311632  2.16617e-05
201  1.60262e-09  0.939955  0.0363127  0.00382423  0.000247912  0.00305007  2.36939e-05
202  1.48037e-09  0.939935  0.0363208  0.00379116  0.000256334  0.00297966  2.62715e-05
203  1.35737e-09  0.939914  0.0363296  0.00375541  0.000265147  0.00290551  2.95849e-05
204  1.24504e-09  0.939893  0.0363381  0.0037202  0.000273519  0.00283448  3.34742e-05
205  1.14717e-09  0.939873  0.0363459  0.0036872  0.00028107  0.0027697  3.77831e-05
206  1.06063e-09  0.939854  0.0363532  0.00365595  0.000287927  0.00270997  4.25617e-05
207  9.83867e-10  0.939837  0.03636  0.00362615  0.000294171  0.00265455  4.78326e-05
208  9.16395e-10  0.93982  0.0363665  0.00359743  0.0002999  0.00260253  5.36133e-05
209  8.54259e-10  0.939803  0.0363726  0.00356936  0.000305199  0.00255302  6.00103e-05
210  7.97071e-10  0.939787  0.0363785  0.003542  0.000310054  0.00250605  6.70211e-05
211  7.4409e-10  0.939771  0.0363841  0.00351523  0.000314489  0.00246135  7.46838e-05
212  6.94698e-10  0.939756  0.0363894  0.00348894  0.000318524  0.00241867  8.30363e-05
213  6.48378e-10  0.939741  0.0363946  0.00346304  0.000322176  0.0023778  9.21159e-05
214  6.05563e-10  0.939726  0.0363995  0.00343742  0.000325468  0.00233852  0.000101945
215  5.65762e-10  0.939711  0.0364042  0.00341186  0.000328436  0.00230044  0.000112604
216  5.27536e-10  0.939697  0.0364088  0.00338626  0.000331085  0.00226342  0.000124165
217  4.90919e-10  0.939682  0.0364132  0.00336076  0.000333399  0.00222766  0.000136594
218  4.5575e-10  0.939668  0.0364174  0.00333536  0.00033538  0.00219316  0.000149907
219  4.22056e-10  0.939654  0.0364214  0.00331007  0.000337033  0.00215992  0.000164106
220  3.91061e-10  0.93964  0.0364253  0.00328482  0.000338382  0.00212778  0.000179197
221  3.60649e-10  0.939626  0.036429  0.00325937  0.000339438  0.00209647  0.000195364
222  3.31143e-10  0.939612  0.0364324  0.00323407  0.000340192  0.00206643  0.000212398
223  3.02529e-10  0.939599  0.0364357  0.00320902  0.000340653  0.00203778  0.000230232
224  2.76336e-10  0.939586  0.0364388  0.00318423  0.000340851  0.00201043  0.000248799
225  2.50512e-10  0.939573  0.0364417  0.00315942  0.000340794  0.00198411  0.000268325
226  2.25447e-10  0.93956  0.0364444  0.00313509  0.000340503  0.00195933  0.000288397
227  2.00564e-10  0.939547  0.0364469  0.00310998  0.000339966  0.00193486  0.000310099
228  1.75648e-10  0.939534  0.0364493  0.00308445  0.00033919  0.00191115  0.00033321
229  1.53404e-10  0.939522  0.0364514  0.00306066  0.000338283  0.00189009  0.000355652
230  1.33631e-10  0.939511  0.0364531  0.00303902  0.000337319  0.00187182  0.000376818
231  1.16355e-10  0.939502  0.0364545  0.00301974  0.000336359  0.00185627  0.000396288
232  1.01544e-10  0.939493  0.0364556  0.00300258  0.000335436  0.00184301  0.000414089
233  8.84546e-11  0.939486  0.0364566  0.00298707  0.000334551  0.00183153  0.000430582
234  7.56031e-11  0.939479  0.0364574  0.00297165  0.000333631  0.00182064  0.00044737
235  6.33118e-11  0.939472  0.0364582  0.0029566  0.000332702  0.00181055  0.000464128
236  5.1793e-11  0.939465  0.0364589  0.00294224  0.000331797  0.00180143  0.000480484
237  4.12916e-11  0.939459  0.0364594  0.00292885  0.000330949  0.00179343  0.000496051
238  3.63782e-11  0.939456  0.0364597  0.002922  0.000330516  0.00178947  0.000504087
239  3.14245e-11  0.939453  0.0364599  0.00291512  0.000330085  0.00178564  0.000512239
240  2.66123e-11  0.93945  0.0364602  0.00290834  0.000329666  0.00178201  0.000520355
241  2.20701e-11  0.939447  0.0364604  0.00290179  0.000329269  0.00177866  0.000528276
242  1.78605e-11  0.939445  0.0364605  0.0028956  0.000328905  0.00177565  0.000535826
243  1.58315e-11  0.939443  0.0364606  0.00289242  0.000328721  0.00177415  0.000539723
244  1.37889e-11  0.939442  0.0364607  0.0028892  0.00032854  0.00177267  0.000543681
245  1.18104e-11  0.939441  0.0364608  0.002886  0.000328364  0.00177125  0.000547636
246  9.8886e-12  0.939439  0.0364609  0.00288289  0.000328199  0.00176993  0.000551503
247  8.08934e-12  0.939438  0.0364609  0.00287992  0.000328048  0.00176872  0.000555199
248  6.44792e-12  0.939437  0.036461  0.00287717  0.000327915  0.00176765  0.00055864
249  5.6704e-12  0.939436  0.036461  0.00287577  0.00032785  0.00176713  0.000560394
250  4.89657e-12  0.939436  0.036461  0.00287437  0.000327786  0.00176661  0.000562151
251  4.1493e-12  0.939435  0.0364611  0.002873  0.000327726  0.00176613  0.000563876
252  3.43563e-12  0.939435  0.0364611  0.00287169  0.000327672  0.00176568  0.000565532
253  2.77583e-12  0.939434  0.0364611  0.00287046  0.000327623  0.00176529  0.000567081
254  2.18257e-12  0.939434  0.0364611  0.00286934  0.000327582  0.00176495  0.000568489
255  1.90617e-12  0.939434  0.0364611  0.00286878  0.000327562  0.00176478  0.000569196
256  1.63366e-12  0.939433  0.0364612  0.00286822  0.000327543  0.00176462  0.000569894
257  1.3703e-12  0.939433  0.0364612  0.00286768  0.000327526  0.00176448  0.000570566
258  1.12371e-12  0.939433  0.0364612  0.00286718  0.000327511  0.00176435  0.000571198
259  8.98111e-13  0.939433  0.0364612  0.00286672  0.000327498  0.00176424  0.000571773
260  6.97749e-13  0.939433  0.0364612  0.00286631  0.000327487  0.00176415  0.00057228
261  6.04844e-13  0.939433  0.0364612  0.00286611  0.000327482  0.00176411  0.000572529
262  5.14653e-13  0.939433  0.0364612  0.00286591  0.000327477  0.00176407  0.00057277
263  4.28472e-13  0.939433  0.0364612  0.00286572  0.000327473  0.00176404  0.000572996
264  3.48586e-13  0.939433  0.0364612  0.00286555  0.00032747  0.00176401  0.000573202
265  2.76187e-13  0.939432  0.0364612  0.0028654  0.000327467  0.001764  0.000573381
266  2.42256e-13  0.939432  0.0364612  0.00286532  0.000327466  0.00176399  0.000573469
267  2.08762e-13  0.939432  0.0364612  0.00286525  0.000327465  0.00176398  0.000573553
268  1.76482e-13  0.939432  0.0364612  0.00286517  0.000327464  0.00176398  0.000573631
269  1.45933e-13  0.939432  0.0364612  0.00286511  0.000327463  0.00176399  0.0005737
270  1.17868e-13  0.939432  0.0364612  0.00286505  0.000327463  0.00176399  0.000573758
271  9.2761e-14  0.939432  0.0364612  0.002865  0.000327463  0.001764  0.000573803
272  8.09869e-14  0.939432  0.0364612  0.00286497  0.000327462  0.00176401  0.000573823
273  6.95132e-14  0.939432  0.0364612  0.00286495  0.000327463  0.00176402  0.000573841
274  5.85272e-14  0.939432  0.0364612  0.00286493  0.000327463  0.00176403  0.000573854
275  4.81844e-14  0.939432  0.0364612  0.00286491  0.000327463  0.00176404  0.000573861
276  3.87619e-14  0.939432  0.0364612  0.00286489  0.000327463  0.00176406  0.000573863
277  3.0389e-14  0.939432  0.0364612  0.00286488  0.000327464  0.00176408  0.000573859
278  2.64631e-14  0.939432  0.0364612  0.00286487  0.000327464  0.0017641  0.000573854
279  2.26593e-14  0.939432  0.0364612  0.00286486  0.000327464  0.00176411  0.000573847
280  1.90224e-14  0.939432  0.0364612  0.00286486  0.000327464  0.00176413  0.000573836
281  1.56231e-14  0.939432  0.0364612  0.00286485  0.000327465  0.00176415  0.000573822
282  1.25189e-14  0.939432  0.0364612  0.00286485  0.000327465  0.00176417  0.000573804
283  1.103e-14  0.939432  0.0364612  0.00286484  0.000327466  0.00176418  0.000573793
284  9.56737e-15  0.939432  0.0364612  0.00286484  0.000327466  0.0017642  0.00057378
285  8.14738e-15  0.939432  0.0364612  0.00286484  0.000327467  0.00176422  0.000573764
286  6.79877e-15  0.939432  0.0364612  0.00286484  0.000327467  0.00176424  0.000573745
287  5.54205e-15  0.939432  0.0364612  0.00286484  0.000327468  0.00176426  0.000573723
288  4.9305e-15  0.939432  0.0364612  0.00286484  0.000327468  0.00176428  0.00057371
289  4.32204e-15  0.939432  0.0364612  0.00286484  0.000327468  0.00176429  0.000573695
290  3.72424e-15  0.939432  0.0364612  0.00286484  0.000327469  0.00176431  0.000573677
291  3.15053e-15  0.939432  0.0364612  0.00286484  0.000327469  0.00176433  0.000573657
292  2.60852e-15  0.939432  0.0364612  0.00286484  0.00032747  0.00176435  0.000573634
293  2.11116e-15  0.939432  0.0364612  0.00286484  0.00032747  0.00176438  0.000573606
294  1.86805e-15  0.939432  0.0364612  0.00286484  0.000327471  0.0017644  0.000573591
295  1.62956e-15  0.939432  0.0364612  0.00286484  0.000327471  0.00176442  0.000573573
296  1.39854e-15  0.939432  0.0364612  0.00286484  0.000327472  0.00176444  0.000573552
297  1.17858e-15  0.939432  0.0364612  0.00286483  0.000327472  0.00176446  0.000573528
298  9.74263e-16  0.939432  0.0364612  0.00286483  0.000327473  0.00176449  0.0005735
299  8.72442e-16  0.939432  0.0364612  0.00286483  0.000327473  0.0017645  0.000573484
300  7.7187e-16  0.939432  0.0364612  0.00286483  0.000327474  0.00176452  0.000573466
301  6.73943e-16  0.939432  0.0364612  0.00286483  0.000327474  0.00176454  0.000573445
302  5.80045e-16  0.939432  0.0364612  0.00286483  0.000327475  0.00176457  0.000573421
303  4.92172e-16  0.939432  0.0364612  0.00286483  0.000327475  0.0017646  0.000573393
304  4.47973e-16  0.939432  0.0364612  0.00286483  0.000327476  0.00176461  0.000573377
305  4.04003e-16  0.939432  0.0364612  0.00286483  0.000327476  0.00176463  0.000573358
306  3.60998e-16  0.939432  0.0364612  0.00286483  0.000327477  0.00176465  0.000573337
307  3.19736e-16  0.939432  0.0364612  0.00286483  0.000327477  0.00176468  0.000573313
308  2.81153e-16  0.939432  0.0364612  0.00286483  0.000327478  0.0017647  0.000573285
309  2.61622e-16  0.939432  0.0364612  0.00286483  0.000327478  0.00176472  0.000573268
310  2.42149e-16  0.939432  0.0364612  0.00286483  0.000327479  0.00176474  0.00057325
311  2.23121e-16  0.939432  0.0364612  0.00286483  0.000327479  0.00176476  0.000573229
312  2.04976e-16  0.939432  0.0364612  0.00286483  0.00032748  0.00176478  0.000573204
313  1.88201e-16  0.939432  0.0364612  0.00286483  0.00032748  0.00176481  0.000573176
314  1.79762e-16  0.939432  0.0364612  0.00286483  0.000327481  0.00176483  0.00057316
315  1.7146e-16  0.939432  0.0364612  0.00286483  0.000327481  0.00176485  0.000573141
316  1.63516e-16  0.939432  0.0364612  0.00286483  0.000327482  0.00176487  0.000573119
317  1.56179e-16  0.939432  0.0364612  0.00286483  0.000327482  0.00176489  0.000573095
318  1.49737e-16  0.939432  0.0364612  0.00286483  0.000327483  0.00176492  0.000573066
319  1.46615e-16  0.939432  0.0364612  0.00286483  0.000327483  0.00176494  0.00057305
320  1.43712e-16  0.939432  0.0364612  0.00286483  0.000327483  0.00176496  0.000573031
321  1.41168e-16  0.939432  0.0364612  0.00286483  0.000327484  0.00176498  0.00057301
322  1.39148e-16  0.939432  0.0364612  0.00286483  0.000327484  0.001765  0.000572985
323  1.37833e-16  0.939432  0.0364612  0.00286483  0.000327485  0.00176503  0.000572957
324  1.37366e-16  0.939432  0.0364612  0.00286483  0.000327485  0.00176505  0.00057294
325  1.3717e-16  0.939432  0.0364612  0.00286483  0.000327486  0.00176507  0.000572921
326  1.37342e-16  0.939432  0.0364612  0.00286483  0.000327486  0.00176509  0.0005729
327  1.37994e-16  0.939432  0.0364612  0.00286483  0.000327487  0.00176511  0.000572875
328  1.39248e-16  0.939432  0.0364612  0.00286483  0.000327488  0.00176514  0.000572846
329  1.40112e-16  0.939432  0.0364612  0.00286483  0.000327488  0.00176516  0.00057283
330  1.41273e-16  0.939432  0.0364612  0.00286483  0.000327488  0.00176518  0.000572811
331  1.42801e-16  0.939432  0.0364612  0.00286483  0.000327489  0.0017652  0.000572789
332  1.44772e-16  0.939432  0.0364612  0.00286483  0.000327489  0.00176522  0.000572764
333  1.45968e-16  0.939432  0.0364612  0.00286483  0.00032749  0.00176524  0.000572749
334  1.47416e-16  0.939432  0.0364612  0.00286483  0.00032749  0.00176526  0.000572733
335  1.49163e-16  0.939432  0.0364612  0.00286483  0.00032749  0.00176527  0.000572714
336  1.5126e-16  0.939432  0.0364612  0.00286483  0.000327491  0.0017653  0.000572692
337  1.52491e-16  0.939432  0.0364612  0.00286483  0.000327491  0.00176531  0.000572679
338  1.53934e-16  0.939432  0.0364612  0.00286483  0.000327491  0.00176532  0.000572665
339  1.55624e-16  0.939432  0.0364612  0.00286483  0.000327492  0.00176534  0.000572648
340  1.57599e-16  0.939432  0.0364612  0.00286483  0.000327492  0.00176536  0.000572629
341  1.59899e-16  0.939432  0.0364612  0.00286483  0.000327493  0.00176538  0.000572607
342  1.61229e-16  0.939432  0.0364612  0.00286483  0.000327493  0.00176539  0.000572594
343  1.62763e-16  0.939432  0.0364612  0.00286483  0.000327493  0.00176541  0.000572579
344  1.64532e-16  0.939432  0.0364612  0.00286483  0.000327494  0.00176543  0.000572563
345  1.66566e-16  0.939432  0.0364612  0.00286483  0.000327494  0.00176544  0.000572543
346  1.68901e-16  0.939432  0.0364612  0.00286483  0.000327494  0.00176547  0.000572521
347  1.70239e-16  0.939432  0.0364612  0.00286483  0.000327495  0.00176548  0.000572509
348  1.71773e-16  0.939432  0.0364612  0.00286483  0.000327495  0.00176549  0.000572494
349  1.73527e-16  0.939432  0.0364612  0.00286483  0.000327495  0.00176551  0.000572477
350  1.75529e-16  0.939432  0.0364612  0.00286483  0.000327496  0.00176553  0.000572458
351  1.7781e-16  0.939432  0.0364612  0.00286483  0.000327496  0.00176555  0.000572435
352  1.79114e-16  0.939432  0.0364612  0.00286483  0.000327497  0.00176557  0.000572423
353  1.80602e-16  0.939432  0.0364612  0.00286483  0.000327497  0.00176558  0.000572408
354  1.82298e-16  0.939432  0.0364612  0.00286483  0.000327497  0.0017656  0.000572391
355  1.8423e-16  0.939432  0.0364612  0.00286483  0.000327498  0.00176562  0.000572371
356  1.86424e-16  0.939432  0.0364612  0.00286483  0.000327498  0.00176564  0.000572349
357  1.87677e-16  0.939432  0.0364612  0.00286483  0.000327498  0.00176565  0.000572336
358  1.89106e-16  0.939432  0.0364612  0.00286483  0.000327499  0.00176567  0.000572321
359  1.90734e-16  0.939432  0.0364612  0.00286483  0.000327499  0.00176568  0.000572304
360  1.92587e-16  0.939432  0.0364612  0.00286483  0.000327499  0.0017657  0.000572285
361  1.94691e-16  0.939432  0.0364612  0.00286483  0.0003275  0.00176573  0.000572262
362  1.95892e-16  0.939432  0.0364612  0.00286483  0.0003275  0.00176574  0.000572249
363  1.97262e-16  0.939432  0.0364612  0.00286483  0.0003275  0.00176575  0.000572234
364  1.98824e-16  0.939432  0.0364612  0.00286483  0.000327501  0.00176577  0.000572217
365  2.00601e-16  0.939432  0.0364612  0.00286483  0.000327501  0.00176579  0.000572197
366  2.02621e-16  0.939432  0.0364612  0.00286483  0.000327502  0.00176581  0.000572175
367  2.03775e-16  0.939432  0.0364612  0.00286483  0.000327502  0.00176583  0.000572162
368  2.05092e-16  0.939432  0.0364612  0.00286483  0.000327502  0.00176584  0.000572147
369  2.06593e-16  0.939432  0.0364612  0.00286483  0.000327503  0.00176586  0.00057213
370  2.08304e-16  0.939432  0.0364612  0.00286483  0.000327503  0.00176588  0.00057211
371  2.1025e-16  0.939432  0.0364612  0.00286483  0.000327503  0.0017659  0.000572087
372  2.11362e-16  0.939432  0.0364612  0.00286483  0.000327504  0.00176591  0.000572074
373  2.12632e-16  0.939432  0.0364612  0.00286483  0.000327504  0.00176593  0.000572059
374  2.14082e-16  0.939432  0.0364612  0.00286483  0.000327504  0.00176595  0.000572041
375  2.15734e-16  0.939432  0.0364612  0.00286483  0.000327505  0.00176597  0.000572022
376  2.17616e-16  0.939432  0.0364612  0.00286483  0.000327505  0.00176599  0.000571999
377  2.19757e-16  0.939432  0.0364612  0.00286483  0.000327506  0.00176602  0.000571972
378  2.2098e-16  0.939432  0.0364612  0.00286483  0.000327506  0.00176603  0.000571957
379  2.22377e-16  0.939432  0.0364612  0.00286483  0.000327506  0.00176605  0.00057194
380  2.23972e-16  0.939432  0.0364612  0.00286483  0.000327507  0.00176607  0.00057192
381  2.25789e-16  0.939432  0.0364612  0.00286483  0.000327507  0.00176609  0.000571897
382  2.27859e-16  0.939432  0.0364612  0.00286483  0.000327508  0.00176612  0.00057187
383  2.29042e-16  0.939432  0.0364612  0.00286483  0.000327508  0.00176613  0.000571855
384  2.30395e-16  0.939432  0.0364612  0.00286483  0.000327508  0.00176615  0.000571837
385  2.31939e-16  0.939432  0.0364612  0.00286483  0.000327509  0.00176617  0.000571817
386  2.33702e-16  0.939432  0.0364612  0.00286483  0.000327509  0.00176619  0.000571794
387  2.3571e-16  0.939432  0.0364612  0.00286483  0.00032751  0.00176622  0.000571767
388  2.3686e-16  0.939432  0.0364612  0.00286483  0.00032751  0.00176624  0.000571752
389  2.38174e-16  0.939432  0.0364612  0.00286483  0.00032751  0.00176625  0.000571735
390  2.39675e-16  0.939432  0.0364612  0.00286483  0.000327511  0.00176627  0.000571714
391  2.4139e-16  0.939432  0.0364612  0.00286483  0.000327511  0.0017663  0.000571691
392  2.43345e-16  0.939432  0.0364612  0.00286483  0.000327512  0.00176632  0.000571664
393  2.45574e-16  0.939432  0.0364612  0.00286483  0.000327512  0.00176635  0.000571633
394  2.46849e-16  0.939432  0.0364612  0.00286483  0.000327513  0.00176637  0.000571616
395  2.48306e-16  0.939432  0.0364612  0.00286483  0.000327513  0.00176639  0.000571595
396  2.49971e-16  0.939432  0.0364612  0.00286483  0.000327514  0.00176642  0.000571572
397  2.51872e-16  0.939432  0.0364612  0.00286483  0.000327514  0.00176644  0.000571545
398  2.5404e-16  0.939432  0.0364612  0.00286483  0.000327515  0.00176647  0.000571514
399  2.55281e-16  0.939432  0.0364612  0.00286483  0.000327515  0.00176649  0.000571496
400  2.56699e-16  0.939432  0.0364612  0.00286483  0.000327515  0.00176651  0.000571476
401  2.58321e-16  0.939432  0.0364612  0.00286483  0.000327516  0.00176654  0.000571452
402  2.60174e-16  0.939432  0.0364612  0.00286483  0.000327516  0.00176656  0.000571425
403  2.62287e-16  0.939432  0.0364612  0.00286483  0.000327517  0.00176659  0.000571394
404  2.63497e-16  0.939432  0.0364612  0.00286483  0.000327517  0.00176661  0.000571376
405  2.64882e-16  0.939432  0.0364612  0.00286483  0.000327518  0.00176663  0.000571356
406  2.66465e-16  0.939432  0.0364612  0.00286483  0.000327518  0.00176666  0.000571332
407  2.68273e-16  0.939432  0.0364612  0.00286483  0.000327519  0.00176668  0.000571305
408  2.70338e-16  0.939432  0.0364612  0.00286483  0.000327519  0.00176671  0.000571273
409  2.72693e-16  0.939432  0.0364612  0.00286483  0.00032752  0.00176675  0.000571237
410  2.7404e-16  0.939432  0.0364612  0.00286483  0.00032752  0.00176677  0.000571217
411  2.75582e-16  0.939432  0.0364612  0.00286483  0.000327521  0.0017668  0.000571193
412  2.77343e-16  0.939432  0.0364612  0.00286483  0.000327521  0.00176682  0.000571165
413  2.79355e-16  0.939432  0.0364612  0.00286483  0.000327522  0.00176685  0.000571134
414  2.8165e-16  0.939432  0.0364612  0.00286483  0.000327523  0.00176689  0.000571098
415  2.82964e-16  0.939432  0.0364612  0.00286483  0.000327523  0.00176691  0.000571077
416  2.84466e-16  0.939432  0.0364612  0.00286483  0.000327523  0.00176694  0.000571053
417  2.86184e-16  0.939432  0.0364612  0.00286483  0.000327524  0.00176696  0.000571026
418  2.88147e-16  0.939432  0.0364612  0.00286483  0.000327524  0.00176699  0.000570994
419  2.90386e-16  0.939432  0.0364612  0.00286483  0.000327525  0.00176703  0.000570958
420  2.91668e-16  0.939432  0.0364612  0.00286483  0.000327526  0.00176705  0.000570937
421  2.93135e-16  0.939432  0.0364612  0.00286483  0.000327526  0.00176708  0.000570913
422  2.94812e-16  0.939432  0.0364612  0.00286483  0.000327526  0.0017671  0.000570885
423  2.96728e-16  0.939432  0.0364612  0.00286483  0.000327527  0.00176714  0.000570853
424  2.98914e-16  0.939432  0.0364612  0.00286483  0.000327528  0.00176717  0.000570816
425  3.01407e-16  0.939432  0.0364612  0.00286483  0.000327528  0.00176721  0.000570774
426  3.02834e-16  0.939432  0.0364612  0.00286483  0.000327529  0.00176724  0.00057075
427  3.04465e-16  0.939432  0.0364612  0.00286483  0.000327529  0.00176727  0.000570722
428  3.06329e-16  0.939432  0.0364612  0.00286483  0.00032753  0.0017673  0.00057069
429  3.08456e-16  0.939432  0.0364612  0.00286483  0.000327531  0.00176733  0.000570654
430  3.10882e-16  0.939432  0.0364612  0.00286483  0.000327531  0.00176738  0.000570611
431  3.1227e-16  0.939432  0.0364612  0.00286483  0.000327532  0.0017674  0.000570587
432  3.13858e-16  0.939432  0.0364612  0.00286483  0.000327532  0.00176743  0.000570559
433  3.15671e-16  0.939432  0.0364612  0.00286483  0.000327533  0.00176746  0.000570527
434  3.17742e-16  0.939432  0.0364612  0.00286483  0.000327533  0.0017675  0.00057049
435  3.20104e-16  0.939432  0.0364612  0.00286483  0.000327534  0.00176754  0.000570447
436  3.21455e-16  0.939432  0.0364612  0.00286483  0.000327535  0.00176757  0.000570423
437  3.23001e-16  0.939432  0.0364612  0.00286483  0.000327535  0.00176759  0.000570395
438  3.24767e-16  0.939432  0.0364612  0.00286483  0.000327536  0.00176763  0.000570362
439  3.26783e-16  0.939432  0.0364612  0.00286483  0.000327536  0.00176766  0.000570325
440  3.29081e-16  0.939432  0.0364612  0.00286483  0.000327537  0.00176771  0.000570283
441  3.31699e-16  0.939432  0.0364612  0.00286483  0.000327538  0.00176775  0.000570233
442  3.34676e-16  0.939432  0.0364612  0.00286483  0.000327539  0.00176781  0.000570177
443  3.36377e-16  0.939432  0.0364612  0.00286483  0.000327539  0.00176784  0.000570144
444  3.38318e-16  0.939432  0.0364612  0.00286483  0.00032754  0.00176788  0.000570107
445  3.40532e-16  0.939432  0.0364612  0.00286483  0.000327541  0.00176792  0.000570064
446  3.43052e-16  0.939432  0.0364612  0.00286483  0.000327542  0.00176797  0.000570015
447  3.45919e-16  0.939432  0.0364612  0.00286483  0.000327543  0.00176803  0.000569958
448  3.47556e-16  0.939432  0.0364612  0.00286483  0.000327543  0.00176806  0.000569925
449  3.49425e-16  0.939432  0.0364612  0.00286483  0.000327544  0.0017681  0.000569887
450  3.51556e-16  0.939432  0.0364612  0.00286483  0.000327544  0.00176814  0.000569844
451  3.53982e-16  0.939432  0.0364612  0.00286483  0.000327545  0.00176819  0.000569795
452  3.56741e-16  0.939432  0.0364612  0.00286483  0.000327546  0.00176825  0.000569737
453  3.59873e-16  0.939432  0.0364612  0.00286483  0.000327547  0.00176832  0.000569672
454  3.6166e-16  0.939432  0.0364612  0.00286483  0.000327548  0.00176835  0.000569634
455  3.63698e-16  0.939432  0.0364612  0.00286483  0.000327549  0.0017684  0.000569591
456  3.66018e-16  0.939432  0.0364612  0.00286483  0.000327549  0.00176845  0.000569541
457  3.68656e-16  0.939432  0.0364612  0.00286483  0.00032755  0.00176851  0.000569483
458  3.71649e-16  0.939432  0.0364612  0.00286483  0.000327551  0.00176857  0.000569417
459  3.75041e-16  0.939432  0.0364612  0.00286483  0.000327552  0.00176865  0.000569341
460  3.76974e-16  0.939432  0.0364612  0.00286483  0.000327553  0.00176869  0.000569297
461  3.79175e-16  0.939432  0.0364612  0.00286483  0.000327554  0.00176874  0.000569247
462  3.81677e-16  0.939432  0.0364612  0.00286483  0.000327555  0.0017688  0.00056919
463  3.84517e-16  0.939432  0.0364612  0.00286483  0.000327556  0.00176887  0.000569123
464  3.87733e-16  0.939432  0.0364612  0.00286483  0.000327557  0.00176894  0.000569047
465  3.91367e-16  0.939432  0.0364612  0.00286483  0.000327558  0.00176903  0.000568959
466  3.93436e-16  0.939432  0.0364612  0.00286483  0.000327559  0.00176908  0.000568909
467  3.95788e-16  0.939432  0.0364612  0.00286483  0.00032756  0.00176914  0.000568851
468  3.98457e-16  0.939432  0.0364612  0.00286483  0.000327561  0.0017692  0.000568784
469  4.01479e-16  0.939432  0.0364612  0.00286483  0.000327562  0.00176928  0.000568707
470  4.04893e-16  0.939432  0.0364612  0.00286483  0.000327563  0.00176937  0.000568619
471  4.08742e-16  0.939432  0.0364612  0.00286483  0.000327565  0.00176947  0.000568518
472  4.10929e-16  0.939432  0.0364612  0.00286483  0.000327566  0.00176953  0.000568459
473  4.1341e-16  0.939432  0.0364612  0.00286483  0.000327567  0.0017696  0.000568392
474  4.16221e-16  0.939432  0.0364612  0.00286483  0.000327568  0.00176967  0.000568315
475  4.19395e-16  0.939432  0.0364612  0.00286483  0.000327569  0.00176976  0.000568226
476  4.22973e-16  0.939432  0.0364612  0.00286483  0.00032757  0.00176986  0.000568125
477  4.26991e-16  0.939432  0.0364612  0.00286483  0.000327572  0.00176998  0.000568007
478  4.29271e-16  0.939432  0.0364612  0.00286483  0.000327573  0.00177005  0.00056794
479  4.31852e-16  0.939432  0.0364612  0.00286483  0.000327574  0.00177013  0.000567862
480  4.34768e-16  0.939432  0.0364612  0.00286483  0.000327575  0.00177021  0.000567773
481  4.38053e-16  0.939432  0.0364612  0.00286483  0.000327577  0.00177032  0.000567671
482  4.41743e-16  0.939432  0.0364612  0.00286483  0.000327578  0.00177044  0.000567553
483  4.45872e-16  0.939432  0.0364612  0.00286483  0.00032758  0.00177057  0.000567418
484  4.4821e-16  0.939432  0.0364612  0.00286483  0.000327581  0.00177065  0.00056734
485  4.50851e-16  0.939432  0.0364612  0.00286483  0.000327582  0.00177074  0.00056725
486  4.53825e-16  0.939432  0.0364612  0.00286483  0.000327583  0.00177084  0.000567148
487  4.57165e-16  0.939432  0.0364612  0.00286483  0.000327585  0.00177096  0.000567029
488  4.60904e-16  0.939432  0.0364612  0.00286483  0.000327587  0.0017711  0.000566893
489  4.6507e-16  0.939432  0.0364612  0.00286483  0.000327589  0.00177125  0.000566737
490  4.67423e-16  0.939432  0.0364612  0.00286483  0.00032759  0.00177134  0.000566647
491  4.70072e-16  0.939432  0.0364612  0.00286483  0.000327591  0.00177144  0.000566543
492  4.73048e-16  0.939432  0.0364612  0.00286483  0.000327592  0.00177156  0.000566425
493  4.76377e-16  0.939432  0.0364612  0.00286483  0.000327594  0.0017717  0.000566288
494  4.80086e-16  0.939432  0.0364612  0.00286483  0.000327596  0.00177186  0.000566131
495  4.84201e-16  0.939432  0.0364612  0.00286483  0.000327598  0.00177204  0.00056595
496  4.86517e-16  0.939432  0.0364612  0.00286483  0.000327599  0.00177214  0.000565846
497  4.89118e-16  0.939432  0.0364612  0.00286483  0.0003276  0.00177226  0.000565727
498  4.92028e-16  0.939432  0.0364612  0.00286483  0.000327602  0.0017724  0.00056559
499  4.95269e-16  0.939432  0.0364612  0.00286483  0.000327604  0.00177256  0.000565432
500  4.98863e-16  0.939432  0.0364612  0.00286483  0.000327606  0.00177274  0.00056525
501  5.02827e-16  0.939432  0.0364612  0.00286483  0.000327608  0.00177295  0.000565042
502  5.05052e-16  0.939432  0.0364612  0.00286483  0.000327609  0.00177307  0.000564922
503  5.0754e-16  0.939432  0.0364612  0.00286483  0.00032761  0.0017732  0.000564784
504  5.10312e-16  0.939432  0.0364612  0.00286483  0.000327612  0.00177336  0.000564626
505  5.13384e-16  0.939432  0.0364612  0.00286483  0.000327614  0.00177354  0.000564443
506  5.16772e-16  0.939432  0.0364612  0.00286483  0.000327616  0.00177375  0.000564234
507  5.20485e-16  0.939432  0.0364612  0.00286483  0.000327618  0.001774  0.000563993
508  5.22561e-16  0.939432  0.0364612  0.00286483  0.00032762  0.00177413  0.000563855
509  5.24872e-16  0.939432  0.0364612  0.00286483  0.000327621  0.00177429  0.000563696
510  5.27434e-16  0.939432  0.0364612  0.00286483  0.000327623  0.00177448  0.000563513
511  5.30258e-16  0.939432  0.0364612  0.00286483  0.000327625  0.00177469  0.000563302
512  5.33352e-16  0.939432  0.0364612  0.00286483  0.000327627  0.00177493  0.000563061
513  5.36717e-16  0.939432  0.0364612  0.00286483  0.000327629  0.00177521  0.000562783
514  5.3859e-16  0.939432  0.0364612  0.00286483  0.00032763  0.00177537  0.000562623
515  5.40665e-16  0.939432  0.0364612  0.00286483  0.000327632  0.00177555  0.00056244
516  5.42953e-16  0.939432  0.0364612  0.00286483  0.000327634  0.00177576  0.000562228
517  5.45457e-16  0.939432  0.0364612  0.00286483  0.000327636  0.001776  0.000561986
518  5.48181e-16  0.939432  0.0364612  0.00286483  0.000327638  0.00177628  0.000561707
519  5.51117e-16  0.939432  0.0364612  0.00286483  0.00032764  0.0017766  0.000561386
520  5.52744e-16  0.939432  0.0364612  0.00286483  0.000327641  0.00177679  0.000561202
521  5.54536e-16  0.939432  0.0364612  0.00286483  0.000327643  0.001777  0.00056099
522  5.56498e-16  0.939432  0.0364612  0.00286483  0.000327645  0.00177724  0.000560747
523  5.5863e-16  0.939432  0.0364612  0.00286483  0.000327647  0.00177752  0.000560467
524  5.60928e-16  0.939432  0.0364612  0.00286483  0.000327649  0.00177784  0.000560145
525  5.63382e-16  0.939432  0.0364612  0.00286483  0.000327651  0.00177821  0.000559776
526  5.64734e-16  0.939432  0.0364612  0.00286483  0.000327653  0.00177843  0.000559563
527  5.66213e-16  0.939432  0.0364612  0.00286483  0.000327654  0.00177867  0.000559319
528  5.67819e-16  0.939432  0.0364612  0.00286483  0.000327656  0.00177895  0.000559038
529  5.69551e-16  0.939432  0.0364612  0.00286483  0.000327658  0.00177927  0.000558715
530  5.71399e-16  0.939432  0.0364612  0.00286483  0.00032766  0.00177964  0.000558345
531  5.7335e-16  0.939432  0.0364612  0.00286483  0.000327662  0.00178007  0.000557918
532  5.7532e-16  0.939432  0.0364612  0.00286483  0.000327664  0.00178054  0.000557446
533  5.77112e-16  0.939432  0.0364612  0.00286483  0.000327667  0.00178101  0.000556975
534  5.78743e-16  0.939432  0.0364612  0.00286483  0.000327669  0.00178148  0.000556504
535  5.80228e-16  0.939432  0.0364612  0.00286483  0.000327671  0.00178196  0.000556033
536  5.81579e-16  0.939432  0.0364612  0.00286483  0.000327673  0.00178243  0.000555562
537  5.82809e-16  0.939432  0.0364612  0.00286483  0.000327675  0.0017829  0.000555092
538  5.83928e-16  0.939432  0.0364612  0.00286483  0.000327677  0.00178337  0.000554623
539  5.84946e-16  0.939432  0.0364612  0.00286483  0.000327679  0.00178383  0.000554154
540  5.85873e-16  0.939432  0.0364612  0.00286483  0.000327681  0.0017843  0.000553685
541  5.86717e-16  0.939432  0.0364612  0.00286483  0.000327682  0.00178477  0.000553216
542  5.87485e-16  0.939432  0.0364612  0.00286483  0.000327684  0.00178524  0.000552748
543  5.88184e-16  0.939432  0.0364612  0.00286483  0.000327685  0.00178571  0.000552281
544  5.8882e-16  0.939432  0.0364612  0.00286483  0.000327687  0.00178617  0.000551813
545  5.89399e-16  0.939432  0.0364612  0.00286483  0.000327688  0.00178664  0.000551347
546  5.89925e-16  0.939432  0.0364612  0.00286483  0.000327689  0.00178711  0.00055088
547  5.90405e-16  0.939432  0.0364612  0.00286483  0.000327691  0.00178757  0.000550414
548  5.90842e-16  0.939432  0.0364612  0.00286483  0.000327692  0.00178804  0.000549948
549  5.91239e-16  0.939432  0.0364612  0.00286483  0.000327693  0.00178851  0.000549483
550  5.91601e-16  0.939432  0.0364612  0.00286483  0.000327694  0.00178897  0.000549018
551  5.9193e-16  0.939432  0.0364612  0.00286483  0.000327695  0.00178943  0.000548554
552  5.92229e-16  0.939432  0.0364612  0.00286483  0.000327696  0.0017899  0.00054809
553  5.92502e-16  0.939432  0.0364612  0.00286483  0.000327697  0.00179036  0.000547626
554  5.9275e-16  0.939432  0.0364612  0.00286483  0.000327698  0.00179083  0.000547163
555  5.93006e-16  0.939432  0.0364612  0.00286483  0.000327699  0.00179136  0.00054663
556  5.93266e-16  0.939432  0.0364612  0.00286483  0.0003277  0.00179197  0.000546019
557  5.93527e-16  0.939432  0.0364612  0.00286483  0.000327701  0.00179267  0.000545317
558  5.93783e-16  0.939432  0.0364612  0.00286483  0.000327702  0.00179348  0.00054451
559  5.93918e-16  0.939432  0.0364612  0.00286483  0.000327703  0.00179394  0.000544047
560  5.94056e-16  0.939432  0.0364612  0.00286483  0.000327704  0.00179447  0.000543515
561  5.94198e-16  0.939432  0.0364612  0.00286483  0.000327705  0.00179508  0.000542903
562  5.94339e-16  0.939432  0.0364612  0.00286483  0.000327706  0.00179579  0.000542201
563  5.94478e-16  0.939432  0.0364612  0.00286483  0.000327706  0.00179659  0.000541395
564  5.94613e-16  0.939432  0.0364612  0.00286483  0.000327707  0.00179752  0.000540469
565  5.94738e-16  0.939432  0.0364612  0.00286483  0.000327708  0.00179857  0.000539421
566  5.94841e-16  0.939432  0.0364612  0.00286483  0.000327709  0.00179961  0.000538374
567  5.94926e-16  0.939432  0.0364612  0.00286483  0.00032771  0.00180066  0.00053733
568  5.94997e-16  0.939432  0.0364612  0.00286483  0.000327711  0.0018017  0.000536287
569  5.95055e-16  0.939432  0.0364612  0.00286483  0.000327712  0.00180274  0.000535247
570  5.95104e-16  0.939432  0.0364612  0.00286483  0.000327712  0.00180378  0.000534208
571  5.95145e-16  0.939432  0.0364612  0.00286483  0.000327713  0.00180482  0.000533172
572  5.95184e-16  0.939432  0.0364612  0.00286483  0.000327713  0.00180601  0.000531983
573  5.95204e-16  0.939432  0.0364612  0.00286483  0.000327714  0.00180669  0.0005313
574  5.95224e-16  0.939432  0.0364612  0.00286483  0.000327714  0.00180747  0.000530515
575  5.95244e-16  0.939432  0.0364612  0.00286483  0.000327714  0.00180837  0.000529615
576  5.95264e-16  0.939432  0.0364612  0.00286483  0.000327715  0.00180941  0.000528582
577  5.95284e-16  0.939432  0.0364612  0.00286483  0.000327715  0.00181059  0.000527396
578  5.95303e-16  0.939432  0.0364612  0.00286483  0.000327715  0.00181195  0.000526036
579  5.9532e-16  0.939432  0.0364612  0.00286483  0.000327716  0.00181341  0.000524579
580  5.95335e-16  0.939432  0.0364612  0.00286483  0.000327716  0.00181486  0.000523127
581  5.95348e-16  0.939432  0.0364612  0.00286483  0.000327716  0.00181631  0.000521678
582  5.9536e-16  0.939432  0.0364612  0.00286483  0.000327716  0.00181775  0.000520233
583  5.95371e-16  0.939432  0.0364612  0.00286483  0.000327717  0.00181934  0.000518651
584  5.95382e-16  0.939432  0.0364612  0.00286483  0.000327717  0.00182091  0.000517074
585  5.95391e-16  0.939432  0.0364612  0.00286483  0.000327717  0.00182249  0.000515501
586  5.954e-16  0.939432  0.0364612  0.00286483  0.000327717  0.00182406  0.000513933
587  5.95408e-16  0.939432  0.0364612  0.00286483  0.000327717  0.00182562  0.000512369
588  5.95416e-16  0.939432  0.0364612  0.00286483  0.000327717  0.00182718  0.00051081
589  5.95424e-16  0.939432  0.0364612  0.00286483  0.000327717  0.00182873  0.000509256
590  5.95431e-16  0.939432  0.0364612  0.00286483  0.000327718  0.00183028  0.000507706
591  5.95437e-16  0.939432  0.0364612  0.00286483  0.000327718  0.00183183  0.000506161
592  5.95444e-16  0.939432  0.0364612  0.00286483  0.000327718  0.00183337  0.000504621
593  5.9545e-16  0.939432  0.0364612  0.00286483  0.000327718  0.0018349  0.000503085
594  5.95456e-16  0.939432  0.0364612  0.00286483  0.000327718  0.00183644  0.000501553
595  5.95462e-16  0.939432  0.0364612  0.00286483  0.000327718  0.00183796  0.000500026
596  5.95468e-16  0.939432  0.0364612  0.00286483  0.000327718  0.00183949  0.000498503
597  5.95473e-16  0.939432  0.0364612  0.00286483  0.000327718  0.001841  0.000496985
598  5.95479e-16  0.939432  0.0364612  0.00286483  0.000327718  0.00184252  0.00049547
599  5.95484e-16  0.939432  0.0364612  0.00286483  0.000327718  0.00184403  0.00049396
600  5.95489e-16  0.939432  0.0364612  0.00286483  0.000327718  0.00184553  0.000492454
601  5.95494e-16  0.939432  0.0364612  0.00286483  0.000327718  0.00184726  0.000490728
602  5.955e-16  0.939432  0.0364612  0.00286483  0.000327718  0.00184924  0.000488751
603  5.95507e-16  0.939432  0.0364612  0.00286483  0.000327718  0.0018515  0.000486488
604  5.95514e-16  0.939432  0.0364612  0.00286483  0.000327718  0.00185409  0.000483899
605  5.95522e-16  0.939432  0.0364612  0.00286483  0.000327718  0.00185705  0.000480941
606  5.95527e-16  0.939432  0.0364612  0.00286483  0.000327718  0.00185874  0.000479245
607  5.95531e-16  0.939432  0.0364612  0.00286483  0.000327718  0.00186068  0.000477304
608  5.95537e-16  0.939432  0.0364612  0.00286483  0.000327718  0.00186291  0.000475081
609  5.95542e-16  0.939432  0.0364612  0.00286483  0.000327718  0.00186545  0.000472539
610  5.95549e-16  0.939432  0.0364612  0.00286483  0.000327718  0.00186835  0.000469634
611  5.95555e-16  0.939432  0.0364612  0.00286483  0.000327718  0.00187167  0.000466316
612  5.95559e-16  0.939432  0.0364612  0.00286483  0.000327718  0.00187357  0.000464416
613  5.95563e-16  0.939432  0.0364612  0.00286483  0.000327718  0.00187575  0.000462241
614  5.95567e-16  0.939432  0.0364612  0.00286483  0.000327718  0.00187823  0.000459754
615  5.95572e-16  0.939432  0.0364612  0.00286483  0.000327718  0.00188108  0.000456911
616  5.95577e-16  0.939432  0.0364612  0.00286483  0.000327718  0.00188432  0.000453665
617  5.95583e-16  0.939432  0.0364612  0.00286483  0.000327718  0.00188803  0.000449963
618  5.95585e-16  0.939432  0.0364612  0.00286483  0.000327718  0.00189014  0.000447844
619  5.95589e-16  0.939432  0.0364612  0.00286483  0.000327718  0.00189257  0.00044542
620  5.95592e-16  0.939432  0.0364612  0.00286483  0.000327718  0.00189534  0.00044265
621  5.95596e-16  0.939432  0.0364612  0.00286483  0.000327718  0.0018985  0.000439488
622  5.956e-16  0.939432  0.0364612  0.00286483  0.000327718  0.00190211  0.000435881
623  5.95604e-16  0.939432  0.0364612  0.00286483  0.000327718  0.00190622  0.000431772
624  5.95606e-16  0.939432  0.0364612  0.00286483  0.000327718  0.00190857  0.000429422
625  5.95608e-16  0.939432  0.0364612  0.00286483  0.000327718  0.00191125  0.000426737
626  5.95611e-16  0.939432  0.0364612  0.00286483  0.000327718  0.00191432  0.000423671
627  5.95614e-16  0.939432  0.0364612  0.00286483  0.000327718  0.00191781  0.000420174
628  5.95617e-16  0.939432  0.0364612  0.00286483  0.000327718  0.0019218  0.000416191
629  5.9562e-16  0.939432  0.0364612  0.00286483  0.000327718  0.00192633  0.00041166
630  5.95621e-16  0.939432  0.0364612  0.00286483  0.000327718  0.00192892  0.000409072
631  5.95623e-16  0.939432  0.0364612  0.00286483  0.000327718  0.00193187  0.000406116
632  5.95625e-16  0.939432  0.0364612  0.00286483  0.000327718  0.00193524  0.000402745
633  5.95627e-16  0.939432  0.0364612  0.00286483  0.000327718  0.00193908  0.000398906
634  5.95629e-16  0.939432  0.0364612  0.00286483  0.000327718  0.00194345  0.000394539
635  5.9563e-16  0.939432  0.0364612  0.00286483  0.000327718  0.00194841  0.00038958
636  5.95632e-16  0.939432  0.0364612  0.00286483  0.000327718  0.00195337  0.000384616
637  5.95634e-16  0.939432  0.0364612  0.00286483  0.000327718  0.00195827  0.000379716
638  5.95635e-16  0.939432  0.0364612  0.00286483  0.000327718  0.00196311  0.000374878
639  5.95636e-16  0.939432  0.0364612  0.00286483  0.000327718  0.00196789  0.000370101
640  5.95638e-16  0.939432  0.0364612  0.00286483  0.000327718  0.0019733  0.000364688
641  5.95639e-16  0.939432  0.0364612  0.00286483  0.000327718  0.00197942  0.000358568
642  5.95639e-16  0.939432  0.0364612  0.00286483  0.000327718  0.0019829  0.000355083
643  5.9564e-16  0.939432  0.0364612  0.00286483  0.000327718  0.00198687  0.000351121
644  5.95641e-16  0.939432  0.0364612  0.00286483  0.000327718  0.00199137  0.000346622
645  5.95641e-16  0.939432  0.0364612  0.00286483  0.000327718  0.00199646  0.000341524
646  5.95642e-16  0.939432  0.0364612  0.00286483  0.000327718  0.00200223  0.000335761
647  5.95643e-16  0.939432  0.0364612  0.00286483  0.000327718  0.00200873  0.000329261
648  5.95643e-16  0.939432  0.0364612  0.00286483  0.000327718  0.00201242  0.000325566
649  5.95643e-16  0.939432  0.0364612  0.00286483  0.000327718  0.00201662  0.000321371
650  5.95643e-16  0.939432  0.0364612  0.00286483  0.000327718  0.00202137  0.000316618
651  5.95644e-16  0.939432  0.0364612  0.00286483  0.000327718  0.00202674  0.000311245
652  5.95644e-16  0.939432  0.0364612  0.00286483  0.000327718  0.0020328  0.000305187
653  5.95644e-16  0.939432  0.0364612  0.00286483  0.000327718  0.00203961  0.000298375
654  5.95644e-16  0.939432  0.0364612  0.00286483  0.000327718  0.00204348  0.000294509
655  5.95645e-16  0.939432  0.0364612  0.00286483  0.000327718  0.00204786  0.000290129
656  5.95645e-16  0.939432  0.0364612  0.00286483  0.000327718  0.00205281  0.000285178
657  5.95645e-16  0.939432  0.0364612  0.00286483  0.000327718  0.00205839  0.000279596
658  5.95645e-16  0.939432  0.0364612  0.00286483  0.000327718  0.00206467  0.000273321
659  5.95645e-16  0.939432  0.0364612  0.00286483  0.000327718  0.0020717  0.00026629
660  5.95645e-16  0.939432  0.0364612  0.00286483  0.000327718  0.00207955  0.000258443
661  5.95645e-16  0.939432  0.0364612  0.00286483  0.000327718  0.00208398  0.000254008
662  5.95645e-16  0.939432  0.0364612  0.00286483  0.000327718  0.00208898  0.000249008
663  5.95645e-16  0.939432  0.0364612  0.00286483  0.000327718  0.0020946  0.000243389
664  5.95645e-16  0.939432  0.0364612  0.00286483  0.000327718  0.0021009  0.000237093
665  5.95645e-16  0.939432  0.0364612  0.00286483  0.000327718  0.00210792  0.000230068
666  5.95645e-16  0.939432  0.0364612  0.00286483  0.000327718  0.00211573  0.000222262
667  5.95645e-16  0.939432  0.0364612  0.00286483  0.000327718  0.00212012  0.000217863
668  5.95645e-16  0.939432  0.0364612  0.00286483  0.000327718  0.00212507  0.000212919
669  5.95645e-16  0.939432  0.0364612  0.00286483  0.000327718  0.00213061  0.000207381
670  5.95645e-16  0.939432  0.0364612  0.00286483  0.000327718  0.00213679  0.000201202
671  5.95645e-16  0.939432  0.0364612  0.00286483  0.000327718  0.00214365  0.000194339
672  5.95645e-16  0.939432  0.0364612  0.00286483  0.000327718  0.00215123  0.000186754
673  5.95645e-16  0.939432  0.0364612  0.00286483  0.000327718  0.0021555  0.000182493
674  5.95645e-16  0.939432  0.0364612  0.00286483  0.000327718  0.00216027  0.00017772
675  5.95645e-16  0.939432  0.0364612  0.00286483  0.000327718  0.00216559  0.000172396
676  5.95645e-16  0.939432  0.0364612  0.00286483  0.000327718  0.00217151  0.000166483
677  5.95645e-16  0.939432  0.0364612  0.00286483  0.000327718  0.00217804  0.00015995
678  5.95645e-16  0.939432  0.0364612  0.00286483  0.000327718  0.00218521  0.000152774
679  5.95645e-16  0.939432  0.0364612  0.00286483  0.000327718  0.00219304  0.000144945
680  5.95645e-16  0.939432  0.0364612  0.00286483  0.000327718  0.00219741  0.000140578
681  5.95645e-16  0.939432  0.0364612  0.00286483  0.000327718  0.00220226  0.00013573
682  5.95645e-16  0.939432  0.0364612  0.00286483  0.000327718  0.00220761  0.000130375
683  5.95645e-16  0.939432  0.0364612  0.00286483  0.000327718  0.00221349  0.000124494
684  5.95645e-16  0.939432  0.0364612  0.00286483  0.000327718  0.00221991  0.00011808
685  5.95645e-16  0.939432  0.0364612  0.00286483  0.000327718  0.00222685  0.000111137
686  5.95645e-16  0.939432  0.0364612  0.00286483  0.000327718  0.00223071  0.000107283
687  5.95645e-16  0.939432  0.0364612  0.00286483  0.000327718  0.00223496  0.000103027
688  5.95645e-16  0.939432  0.0364612  0.00286483  0.000327718  0.00223963  9.83547e-05
689  5.95645e-16  0.939432  0.0364612  0.00286483  0.000327718  0.00224473  9.32598e-05
690  5.95645e-16  0.939432  0.0364612  0.00286483  0.000327718  0.00225024  8.7747e-05
691  5.95645e-16  0.939432  0.0364612  0.00286483  0.000327718  0.00225615  8.18344e-05
692  5.95645e-16  0.939432  0.0364612  0.00286483  0.000327718  0.00225942  7.85703e-05
693  5.95645e-16  0.939432  0.0364612  0.00286483  0.000327718  0.002263  7.49878e-05
694  5.95645e-16  0.939432  0.0364612  0.00286483  0.000327718  0.00226691  7.10824e-05
695  5.95645e-16  0.939432  0.0364612  0.00286483  0.000327718  0.00227113  6.68581e-05
696  5.95645e-16  0.939432  0.0364612  0.00286483  0.000327718  0.00227566  6.23292e-05
697  5.95645e-16  0.939432  0.0364612  0.00286483  0.000327718  0.00228047  5.75227e-05
698  5.95645e-16  0.939432  0.0364612  0.00286483  0.000327718  0.0022831  5.48856e-05
699  5.95645e-16  0.939432  0.0364612  0.00286483  0.000327718  0.00228598  5.20117e-05
700  5.95645e-16  0.939432  0.0364612  0.00286483  0.000327718  0.00228908  4.89043e-05
701  5.95645e-16  0.939432  0.0364612  0.00286483  0.000327718  0.00229241  4.5574e-05
702  5.95645e-16  0.939432  0.0364612  0.00286483  0.000327718  0.00229595  4.20412e-05
703  5.95645e-16  0.939432  0.0364612  0.00286483  0.000327718  0.00229965  3.83364e-05
704  5.95645e-16  0.939432  0.0364612  0.00286483  0.000327718  0.00230349  3.4502e-05
705  5.95645e-16  0.939432  0.0364612  0.00286483  0.000327718  0.00230556  3.24297e-05
706  5.95645e-16  0.939432  0.0364612  0.00286483  0.000327718  0.00230778  3.02096e-05
707  5.95645e-16  0.939432  0.0364612  0.00286483  0.000327718  0.00231013  2.78555e-05
708  5.95645e-16  0.939432  0.0364612  0.00286483  0.000327718  0.0023126  2.53881e-05
709  5.95645e-16  0.939432  0.0364612  0.00286483  0.000327718  0.00231515  2.28358e-05
710  5.95645e-16  0.939432  0.0364612  0.00286483  0.000327718  0.00231775  2.0235e-05
711  5.95645e-16  0.939432  0.0364612  0.00286483  0.000327718  0.00232016  1.7825e-05
712  5.95645e-16  0.939432  0.0364612  0.00286483  0.000327718  0.00232229  1.5702e-05
713  5.95645e-16  0.939432  0.0364612  0.00286483  0.000327718  0.00232416  1.38318e-05
714  5.95645e-16  0.939432  0.0364612  0.00286483  0.000327718  0.0023258  1.21844e-05
715  5.95645e-16  0.939432  0.0364612  0.00286483  0.000327718  0.00232726  1.07332e-05
716  5.95645e-16  0.939432  0.0364612  0.00286483  0.000327718  0.00232853  9.45487e-06
717  5.95645e-16  0.939432  0.0364612  0.00286483  0.000327718  0.00232977  8.22163e-06
718  5.95645e-16  0.939432  0.0364612  0.00286483  0.000327718  0.00233084  7.14924e-06
719  5.95645e-16  0.939432  0.0364612  0.00286483  0.000327718  0.00233177  6.21673e-06
720  5.95645e-16  0.939432  0.0364612  0.00286483  0.000327718  0.00233258  5.40585e-06
721  5.95645e-16  0.939432  0.0364612  0.00286483  0.000327718  0.00233329  4.70074e-06
722  5.95645e-16  0.939432  0.0364612  0.00286483  0.000327718  0.0023339  4.0876e-06
723  5.95645e-16  0.939432  0.0364612  0.00286483  0.000327718  0.00233443  3.55444e-06
724  5.95645e-16  0.939432  0.0364612  0.00286483  0.000327718  0.0023349  3.09081e-06
725  5.95645e-16  0.939432  0.0364612  0.00286483  0.000327718  0.0023353  2.68766e-06
726  5.95645e-16  0.939432  0.0364612  0.00286483  0.000327718  0.00233565  2.3371e-06
727  5.95645e-16  0.939432  0.0364612  0.00286483  0.000327718  0.00233596  2.03226e-06
728  5.95645e-16  0.939432  0.0364612  0.00286483  0.000327718  0.00233622  1.76718e-06
729  5.95645e-16  0.939432  0.0364612  0.00286483  0.000327718  0.00233645  1.53668e-06
730  5.95645e-16  0.939432  0.0364612  0.00286483  0.000327718  0.00233665  1.33624e-06
731  5.95645e-16  0.939432  0.0364612  0.00286483  0.000327718  0.00233683  1.16195e-06
732  5.95645e-16  0.939432  0.0364612  0.00286483  0.000327718  0.00233698  1.01039e-06
733  5.95645e-16  0.939432  0.0364612  0.00286483  0.000327718  0.00233711  8.78602e-07
734  5.95645e-16  0.939432  0.0364612  0.00286483  0.000327718  0.00233722  7.64002e-07
735  5.95645e-16  0.939432  0.0364612  0.00286483  0.000327718  0.00233732  6.6435e-07
736  5.95645e-16  0.939432  0.0364612  0.00286483  0.000327718  0.00233741  5.77695e-07
737  5.95645e-16  0.939432  0.0364612  0.00286483  0.000327718  0.00233749  5.02344e-07
738  5.95645e-16  0.939432  0.0364612  0.00286483  0.000327718  0.00233755  4.36821e-07
739  5.95645e-16  0.939432  0.0364612  0.00286483  0.000327718  0.00233761  3.79844e-07
740  5.95645e-16  0.939432  0.0364612  0.00286483  0.000327718  0.00233766  3.30299e-07
741  5.95645e-16  0.939432  0.0364612  0.00286483  0.000327718  0.0023377  2.87217e-07
742  5.95645e-16  0.939432  0.0364612  0.00286483  0.000327718  0.00233774  2.49754e-07
743  5.95645e-16  0.939432  0.0364612  0.00286483  0.000327718  0.00233777  2.17177e-07
744  5.95645e-16  0.939432  0.0364612  0.00286483  0.000327718  0.0023378  1.8885e-07
745  5.95645e-16  0.939432  0.0364612  0.00286483  0.000327718  0.00233782  1.64217e-07
746  5.95645e-16  0.939432  0.0364612  0.00286483  0.000327718  0.00233785  1.42797e-07
747  5.95645e-16  0.939432  0.0364612  0.00286483  0.000327718  0.00233786  1.24172e-07
748  5.95645e-16  0.939432  0.0364612  0.00286483  0.000327718  0.00233788  1.07975e-07
749  5.95645e-16  0.939432  0.0364612  0.00286483  0.000327718  0.00233789  9.38916e-08
750  5.95645e-16  0.939432  0.0364612  0.00286483  0.000327718  0.00233791  8.16449e-08
751  5.95645e-16  0.939432  0.0364612  0.00286483  0.000327718  0.00233792  7.09956e-08
752  5.95645e-16  0.939432  0.0364612  0.00286483  0.000327718  0.00233793  6.17353e-08
753  5.95645e-16  0.939432  0.0364612  0.00286483  0.000327718  0.00233793  5.36828e-08
754  5.95645e-16  0.939432  0.0364612  0.00286483  0.000327718  0.00233794  4.66807e-08
755  5.95645e-16  0.939432  0.0364612  0.00286483  0.000327718  0.00233795  4.05919e-08
756  5.95645e-16  0.939432  0.0364612  0.00286483  0.000327718  0.00233795  3.52973e-08
757  5.95645e-16  0.939432  0.0364612  0.00286483  0.000327718  0.00233796  3.06933e-08
758  5.95645e-16  0.939432  0.0364612  0.00286483  0.000327718  0.00233796  2.66899e-08
759  5.95645e-16  0.939432  0.0364612  0.00286483  0.000327718  0.00233797  2.32086e-08
760  5.95645e-16  0.939432  0.0364612  0.00286483  0.000327718  0.00233797  2.01814e-08
761  5.95645e-16  0.939432  0.0364612  0.00286483  0.000327718  0.00233797  1.7549e-08
762  5.95645e-16  0.939432  0.0364612  0.00286483  0.000327718  0.00233797  1.526e-08
763  5.95645e-16  0.939432  0.0364612  0.00286483  0.000327718  0.00233798  1.32696e-08
764  5.95645e-16  0.939432  0.0364612  0.00286483  0.000327718  0.00233798  1.15388e-08
765  5.95645e-16  0.939432  0.0364612  0.00286483  0.000327718  0.00233798  1.00337e-08
766  5.95645e-16  0.939432  0.0364612  0.00286483  0.000327718  0.00233798  8.72496e-09
767  5.95645e-16  0.939432  0.0364612  0.00286483  0.000327718  0.00233798  7.58693e-09
768  5.95645e-16  0.939432  0.0364612  0.00286483  0.000327718  0.00233798  6.59733e-09
769  5.95645e-16  0.939432  0.0364612  0.00286483  0.000327718  0.00233798  5.73681e-09
770  5.95645e-16  0.939432  0.0364612  0.00286483  0.000327718  0.00233798  4.98853e-09
771  5.95645e-16  0.939432  0.0364612  0.00286483  0.000327718  0.00233798  4.33785e-09
772  5.95645e-16  0.939432  0.0364612  0.00286483  0.000327718  0.00233798  3.77204e-09
773  5.95645e-16  0.939432  0.0364612  0.00286483  0.000327718  0.00233799  3.28004e-09
774  5.95645e-16  0.939432  0.0364612  0.00286483  0.000327718  0.00233799  2.85221e-09
775  5.95645e-16  0.939432  0.0364612  0.00286483  0.000327718  0.00233799  2.48018e-09
776  5.95645e-16  0.939432  0.0364612  0.00286483  0.000327718  0.00233799  2.15668e-09
777  5.95645e-16  0.939432  0.0364612  0.00286483  0.000327718  0.00233799  1.87537e-09
778  5.95645e-16  0.939432  0.0364612  0.00286483  0.000327718  0.00233799  1.63076e-09
779  5.95645e-16  0.939432  0.0364612  0.00286483  0.000327718  0.00233799  1.39084e-09
780  5.95645e-16  0.939432  0.0364612  0.00286483  0.000327718  0.00233799  1.1606e-09
781  5.95645e-16  0.939432  0.0364612  0.00286483  0.000327718  0.00233799  9.45016e-10
782  5.95645e-16  0.939432  0.0364612  0.00286483  0.000327718  0.00233799  7.48616e-10
783  5.95645e-16  0.939432  0.0364612  0.00286483  0.000327718  0.00233799  5.75105e-10
784  5.95645e-16  0.939432  0.0364612  0.00286483  0.000327718  0.00233799  4.26965e-10
785  5.95645e-16  0.939432  0.0364612  0.00286483  0.000327718  0.00233799  3.55952e-10
786  5.95645e-16  0.939432  0.0364612  0.00286483  0.000327718  0.00233799  2.89527e-10
787  5.95645e-16  0.939432  0.0364612  0.00286483  0.000327718  0.00233799  2.29085e-10
788  5.95645e-16  0.939432  0.0364612  0.00286483  0.000327718  0.00233799  1.98909e-10
789  5.95645e-16  0.939432  0.0364612  0.00286483  0.000327718  0.00233799  1.69361e-10
790  5.95645e-16  0.939432  0.0364612  0.00286483  0.000327718  0.00233799  1.4106e-10
791  5.95645e-16  0.939432  0.0364612  0.00286483  0.000327718  0.00233799  1.14615e-10
792  5.95645e-16  0.939432  0.0364612  0.00286483  0.000327718  0.00233799  9.05803e-11
793  5.95645e-16  0.939432  0.0364612  0.00286483  0.000327718  0.00233799  6.94028e-11
794  5.95645e-16  0.939432  0.0364612  0.00286483  0.000327718  0.00233799  5.13748e-11
795  5.95645e-16  0.939432  0.0364612  0.00286483  0.000327718  0.00233799  3.66035e-11
796  5.95645e-16  0.939432  0.0364612  0.00286483  0.000327718  0.00233799  2.50011e-11
797  5.95645e-16  0.939432  0.0364612  0.00286483  0.000327718  0.00233799  1.63012e-11
798  5.95645e-16  0.939432  0.0364612  0.00286483  0.000327718  0.00233799  1.01015e-11
799  5.95645e-16  0.939432  0.0364612  0.00286483  0.000327718  0.00233799  5.92183e-12
800  5.95645e-16  0.939432  0.0364612  0.00286483  0.000327718  0.00233799  3.2687e-12
801  5.95645e-16  0.939432  0.0364612  0.00286483  0.000327718  0.00233799  1.69062e-12
802  5.95645e-16  0.939432  0.0364612  0.00286483  0.000327718  0.00233799  8.40845e-13
803  5.95645e-16  0.939432  0.0364612  0.00286483  0.000327718  0.00233799  3.88882e-13
804  5.95645e-16  0.939432  0.0364612  0.00286483  0.000327718  0.00233799  1.74449e-13
805  5.95645e-16  0.939432  0.0364612  0.00286483  0.000327718  0.00233799  7.82562e-14
806  5.95645e-16  0.939432  0.0364612  0.00286483  0.000327718  0.00233799  3.5105e-14
807  5.95645e-16  0.939432  0.0364612  0.00286483  0.000327718  0.00233799  1.57478e-14
808  5.95645e-16  0.939432  0.0364612  0.00286483  0.000327718  0.00233799  7.06432e-15
809  5.95645e-16  0.939432  0.0364612  0.00286483  0.000327718  0.00233799  3.16899e-15
810  5.95645e-16  0.939432  0.0364612  0.00286483  0.000327718  0.00233799  1.42158e-15
811  5.95645e-16  0.939432  0.0364612  0.00286483  0.000327718  0.00233799  6.37708e-16
812  5.95645e-16  0.939432  0.0364612  0.00286483  0.000327718  0.00233799  2.8607e-16
813  5.95645e-16  0.939432  0.0364612  0.00286483  0.000327718  0.00233799  1.28328e-16
814  5.95645e-16  0.939432  0.0364612  0.00286483  0.000327718  0.00233799  5.7567e-17
815  5.95645e-16  0.939432  0.0364612  0.00286483  0.000327718  0.00233799  2.5824e-17
816  5.95645e-16  0.939432  0.0364612  0.00286483  0.000327718  0.00233799  1.15844e-17
817  5.95645e-16  0.939432  0.0364612  0.00286483  0.000327718  0.00233799  5.19667e-18
818  5.95645e-16  0.939432  0.0364612  0.00286483  0.000327718  0.00233799  2.33118e-18
819  5.95645e-16  0.939432  0.0364612  0.00286483  0.000327718  0.00233799  1.04575e-18
820  5.95645e-16  0.939432  0.0364612  0.00286483  0.000327718  0.00233799  4.69113e-19
821  5.95645e-16  0.939432  0.0364612  0.00286483  0.000327718  0.00233799  2.1044e-19
822  5.95645e-16  0.939432  0.0364612  0.00286483  0.000327718  0.00233799  9.44013e-20
823  5.95645e-16  0.939432  0.0364612  0.00286483  0.000327718  0.00233799  4.23476e-20
824  5.95645e-16  0.939432  0.0364612  0.00286483  0.000327718  0.00233799  1.89968e-20
825  5.95645e-16  0.939432  0.0364612  0.00286483  0.000327718  0.00233799  8.52177e-21
826  5.95645e-16  0.939432  0.0364612  0.00286483  0.000327718  0.00233799  3.82279e-21
827  5.95645e-16  0.939432  0.0364612  0.00286483  0.000327718  0.00233799  1.71487e-21
828  5.95645e-16  0.939432  0.0364612  0.00286483  0.000327718  0.00233799  7.69275e-22
829  5.95645e-16  0.939432  0.0364612  0.00286483  0.000327718  0.00233799  3.4509e-22
830  5.95645e-16  0.939432  0.0364612  0.00286484  0.000327718  0.00233799  1.54804e-22
831  5.95645e-16  0.939432  0.0364612  0.00286484  0.000327718  0.00233799  6.94438e-23
832  5.95645e-16  0.939432  0.0364612  0.00286484  0.000327718  0.00233799  3.11519e-23
833  5.95645e-16  0.939432  0.0364612  0.00286484  0.000327718  0.00233799  1.39744e-23
834  5.95645e-16  0.939432  0.0364612  0.00286484  0.000327718  0.00233799  6.26881e-24
835  5.95645e-16  0.939432  0.0364612  0.00286484  0.000327718  0.00233799  2.81213e-24
836  5.95645e-16  0.939432  0.0364612  0.00286484  0.000327718  0.00233799  1.2615e-24
837  5.95645e-16  0.939432  0.0364612  0.00286484  0.000327718  0.00233799  5.65896e-25
838  5.95645e-16  0.939432  0.0364612  0.00286484  0.000327718  0.00233799  2.53856e-25
839  5.95645e-16  0.939432  0.0364612  0.00286484  0.000327718  0.00233799  1.13877e-25
840  5.95645e-16  0.939432  0.0364612  0.00286484  0.000327718  0.00233799  4.71819e-26
841  5.95645e-16  0.939432  0.0364612  0.00286484  0.000327718  0.00233799  1.79698e-26
842  5.95645e-16  0.939432  0.0364612  0.00286484  0.000327718  0.00233799  6.26244e-27
843  5.95645e-16  0.939432  0.0364612  0.00286484  0.000327718  0.00233799  1.98815e-27
844  5.95645e-16  0.939432  0.0364612  0.00286484  0.000327718  0.00233799  5.72564e-28
845  5.95645e-16  0.939432  0.0364612  0.00286484  0.000327718  0.00233799  1.4898e-28
846  5.95645e-16  0.939432  0.0364612  0.00286484  0.000327718  0.00233799  3.48924e-29
847  5.95645e-16  0.939432  0.0364612  0.00286484  0.000327718  0.00233799  7.3301e-30
848  5.95645e-16  0.939432  0.0364612  0.00286484  0.000327718  0.00233799  1.37676e-30
849  5.95645e-16  0.939432  0.0364612  0.00286484  0.000327718  0.00233799  2.30504e-31
850  5.95645e-16  0.939432  0.0364612  0.00286484  0.000327718  0.00233799  3.43077e-32
851  5.95645e-16  0.939432  0.0364612  0.00286484  0.000327718  0.00233799  9.95597e-33
