1  1.0000000000000001e-05  0.20098063821249282  407.85798071662492
2  2.1500000000000001e-05  0.20098063821249282  407.85798071662492
3  3.4725000000000004e-05  0.20098063821249282  407.85798071662492
4  4.9933750000000003e-05  0.20098063821249282  407.85798071662492
5  6.7423812500000001e-05  0.20098063821249282  407.85798071662492
6  8.7537384374999994e-05  0.20098063821249282  407.85798071662492
7  0.00011066799203124998  0.20098063821249282  407.85798071662492
8  0.00013726819083593748  0.20098063821249282  407.85798071662492
9  0.00016785841946132809  0.20098063821249282  407.85798071662492
10  0.00020303718238052728  0.20098063821249282  407.85798071662492
11  0.00024349275973760637  0.20098063821249282  407.85798071662492
12  0.00029001667369824729  0.20098063821249282  407.85798071662492
13  0.00034351917475298436  0.20098063821249282  407.85798071662492
14  0.00040504705096593201  0.20098063821249282  407.85798071662492
15  0.00047580410861082181  0.20098063821249282  407.85798071662492
16  0.00055717472490244505  0.20098063821249282  407.85798071662492
17  0.00065075093363781177  0.20098063821249282  407.85798071662492
18  0.00075836357368348349  0.20098063821249282  407.85798071662492
19  0.00088211810973600597  0.20098063821249282  407.85798071662492
20  0.0010244358261964068  0.20098063821249282  407.85798071662492
21  0.0011881012001258677  0.20098063821249282  407.85798071662492
22  0.0013763163801447478  0.20098063821249282  407.85798071662492
23  0.0015927638371664599  0.20098063821249282  407.85798071662492
24  0.0018416784127414287  0.20098063821249282  407.85798071662492
25  0.0021279301746526427  0.20098063821249282  407.85798071662492
26  0.0024571197008505389  0.20098063821249282  407.85798071662492
27  0.0028356876559781194  0.20098063821249282  407.85798071662492
28  0.0032710408043748369  0.20098063821249282  407.85798071662492
29  0.0037716969250310623  0.20098063821249282  407.85798071662492
30  0.0043474514637857212  0.20098063821249282  407.85798071662492
31  0.005009569183353579  0.20098063821249282  407.85798071662492
32  0.0057710045608566161  0.20098063821249282  407.85798071662492
33  0.0066466552449851082  0.20098063821249282  407.85798071662492
34  0.0076536535317328746  0.20098063821249282  407.85798071662492
35  0.0088117015614928053  0.20098063821249282  407.85798071662492
36  0.010143456795716725  0.20098063821249282  407.85798071662492
37  0.011674975315074233  0.20098063821249282  407.85798071662492
38  0.013436221612335368  0.20098063821249282  407.85798071662492
39  0.015461654854185672  0.20098063821249282  407.85798071662492
40  0.017790903082313521  0.20098063821249282  407.85798071662492
41  0.020469538544660548  0.20098063821249282  407.85798071662492
42  0.023549969326359631  0.20098063821249282  407.85798071662492
43  0.027092464725313573  0.20098063821249282  407.85798071662492
44  0.031166334434110606  0.20098063821249282  407.85798071662492
45  0.035851284599227193  0.20098063821249282  407.85798071662492
46  0.041238977289111266  0.20098063821249282  407.85798071662492
47  0.047434823882477953  0.20098063821249282  407.85798071662492
48  0.054560047464849638  0.20098063821249282  407.85798071662492
49  0.062754054584577085  0.20098063821249282  407.85798071662492
50  0.072177162772263645  0.20098063821249282  407.85798071662492
51  0.08301373718810319  0.20098063821249282  407.85798071662492
52  0.095475797766318662  0.20098063821249282  407.85798071662492
53  0.10980716743126645  0.20098063821249282  407.85798071662492
54  0.12628824254595641  0.20098063821249282  407.85798071662492
55  0.14524147892784986  0.20098063821249282  407.85798071662492
56  0.16703770076702731  0.20098063821249282  407.85798071662492
57  0.19210335588208138  0.20098063821249282  407.85798071662492
58  0.22092885926439357  0.20098063821249282  407.85798071662492
59  0.25407818815405259  0.20098063821249282  407.85798071662492
60  0.29219991637716047  0.20098063821249282  407.85798071662492
61  0.3360399038337345  0.20098063821249282  407.85798071662492
62  0.38645588940879466  0.20098063821249282  407.85798071662492
63  0.44443427282011383  0.20098063821249282  407.85798071662492
64  0.5111094137431309  0.20098063821249282  407.85798071662492
65  0.58778582580460048  0.20098063821249282  407.85798071662492
66  0.67596369967529046  0.20098063821249282  407.85798071662492
67  0.77736825462658399  0.20098063821249282  407.85798071662492
68  0.89398349282057155  0.20098063821249282  407.85798071662492
69  1.0280910167436572  0.20098063821249282  407.85798071662492
70  1.1823146692552058  0.20098063821249282  407.85798071662492
71  1.3596718696434866  0.20098063821249282  407.85798071662492
72  1.5636326500900095  0.20098063821249282  407.85798071662492
73  1.7981875476035107  0.20098063821249282  407.85798071662492
74  2.0679256797440373  0.20098063821249282  407.85798071662492
75  2.3781245317056428  0.20098063821249282  407.85798071662492
76  2.734853211461489  0.20098063821249282  407.85798071662492
77  3.1450911931807122  0.20098063821249282  407.85798071662492
78  3.6168648721578185  0.20098063821249282  407.85798071662492
79  4.1594046029814908  0.20098063821249282  407.85798071662492
80  4.7833252934287138  0.20098063821249282  407.85798071662492
81  4.9627024919322906  0.20098063821249282  407.85798071662492
82  5.0658443810718472  0.20098063821249282  407.85798071662492
83  5.0806710276356588  0.20098063821249282  407.85798071662492
84  5.0828023580792063  0.20598388753940569  416.48951393506997
85  5.0852533880892867  0.21263258053799824  428.24305807269047
86  5.0880720726008786  0.220278577486378  442.17026192075633
87  5.0913135597892092  0.22907147397701469  458.74739366666728
88  5.0950412700557894  0.23918330494124704  478.58083241342985
89  5.0993281368623569  0.25081191055011459  502.45161358324327
90  5.1017930852761335  0.25749835877521443  516.71270285473486
91  5.1046277759519763  0.26518777423407824  533.61406160027343
92  5.1078876702291955  0.27403060201177187  553.73517424711417
93  5.111636548647998  0.28419985395612035  577.81416540978933
94  5.1137921537388094  0.2900471738241206  592.13083389409758
95  5.1162710995932423  0.29677159167232064  609.03407587418747
96  5.1191218873258402  0.30450467219775046  629.07017546871487
97  5.1224002932183277  0.31339771480199474  652.92789629222648
98  5.1261704599946887  0.32362471379687663  681.48495451194128
99  5.1283383058910958  0.32950523821893263  698.4673740648949
100  5.130831328671964  0.33626784130429677  718.52098263039773
101  5.1336983048699629  0.34404483485246695  742.295427227152
102  5.1369953274976616  0.3529883774328626  770.61013175573157
103  5.1407869035195146  0.36327345140031619  804.5097905286276
104  5.1429670597320802  0.36918736893160237  824.67321580452494
105  5.1454742393765311  0.37598837409258268  848.48667979482252
106  5.148357495967649  0.38380953002770835  876.72348242807993
107  5.1516732410474351  0.39280385935310402  910.35942047048991
108  5.1554863478891884  0.40314733807730735  950.63911571353958
109  5.1576788843231967  0.40909483834372462  974.60196813099037
110  5.1602003012223063  0.41593446365010495  1002.9069215351277
111  5.1630999306562826  0.42380003275244266  1036.4753425164101
112  5.1664345045053555  0.43284543722013147  1076.4703517215078
113  5.1702692644317887  0.44324765235797203  1124.3761782331023
114  5.1724742513894881  0.4492289260622313  1152.8814049722071
115  5.1750099863908421  0.45610739082212826  1186.5569374579115
116  5.1767778146397507  0.46090282264176874  1210.6146097287904
117  5.1785460956218605  0.46569948255084592  1235.1664052734291
118  5.180345085572883  0.47057944397225215  1260.6556079402162
119  5.1821907642128782  0.47558605368364659  1287.3530774018607
120  5.1833661614492783  0.47877445013088649  1304.6489532245294
121  5.1845435691486363  0.48196830018372772  1322.2073851146117
122  5.185724756338975  0.48517240252851068  1340.0596298561377
123  5.1869116765563659  0.48839205635029137  1358.2413238105009
124  5.1881062078583282  0.49163235609011224  1376.78867834722
125  5.1893100935608381  0.49489803068751148  1395.7375414555411
126  5.1905249472980444  0.4981934573055693  1415.1234193820785
127  5.1917522756049932  0.50152272258907249  1434.9817902208438
128  5.1929935030485108  0.50488969083484514  1455.3484897179819
129  5.1942499957828359  0.50829806788903531  1476.2601061235823
130  5.1955230829232715  0.51175145912553621  1497.7543736442542
131  5.1968140761840926  0.5152534227160066  1519.8705712667227
132  5.1981242885075654  0.518807520163168  1542.6499396728398
133  5.1994550524896921  0.52241736628269997  1566.1361320889196
134  5.2008077394734586  0.52608668099580747  1590.3757181918077
135  5.2021837802970774  0.52981934561115074  1615.418764874041
136  5.2035846888837201  0.53361946681463346  1641.3195245728289
137  5.2050120901676697  0.53749145242221363  1668.1372719006442
138  5.2064677543053097  0.5414401041810355  1695.9373437307063
139  5.2079536397706363  0.54547073467082829  1724.7924585349679
140  5.209471948865013  0.54958931788032173  1754.7844204538001
141  5.2110252005084439  0.55380268666171528  1786.0063567030215
142  5.2126163271379662  0.55811879557840383  1818.5657006742688
143  5.2142488054854104  0.56254707565427686  1852.5882296240563
144  5.2159268355997659  0.56709891999190576  1888.2236166289977
145  5.2176555899386958  0.57178835946113238  1925.6532008715092
146  5.2194415670202652  0.57663302201893085  1965.1010934384735
147  5.2212534118404523  0.58154785371049356  2005.9461724619152
148  5.2230855222690762  0.58651765813122381  2048.1114442900916
149  5.2249348705373153  0.59153422211960083  2091.5723648168173
150  5.2267977867449247  0.5965875906608088  2136.2846037589261
151  5.2286698809967103  0.60166585567321629  2182.1800641248028
152  5.2305459728397219  0.60675496459887113  2229.1627110370046
153  5.2324200435710795  0.61183859103314542  2277.1046448804805
154  5.234285233817614  0.6168981281592415  2325.8431217408065
155  5.2361339166296084  0.6219128870231373  2375.1795615081842
156  5.2379368036456153  0.62680341966911879  2424.3016294774243
157  5.2396744565879834  0.63151699759529334  2472.6075096982622
158  5.2413383017254445  0.6360303635968042  2519.7633871228318
159  5.2423212108550103  0.63869661452850257  2548.0419796599044
160  5.243279283135899  0.64024696020977578  2564.5835277798683
161  5.2442413572685629  0.64016164883266125  2563.5463612318363
162  5.2452529458153512  0.64007194679300572  2562.4562679231358
163  5.2463182008241134  0.63997748591032499  2561.3088444184145
164  5.2474419205014184  0.63987784070637788  2560.0990034339993
165  5.2486297029654123  0.6397725147712181  2558.8208111870617
166  5.249888086381107  0.63966092833677801  2557.4673402824556
167  5.2512246970618923  0.63954240514405059  2556.0305150501754
168  5.2526484072065127  0.63941615845585287  2554.5009477687508
169  5.2541695046050636  0.63928127600824314  2552.8677635582953
170  5.2557998779143666  0.63913670358133223  2551.1184104486233
171  5.2575532229512012  0.63898122670634849  2549.238449255276
172  5.2593428666138404  0.63882253107134446  2547.3209968501951
173  5.261253997209546  0.63865306265157318  2545.2749738280518
174  5.2632995130680582  0.63847167769497304  2543.0869010342744
175  5.2654935525378272  0.63827712249152802  2540.7420444428271
176  5.267851605541285  0.63806802348116687  2538.2243106136161
177  5.2703906567768497  0.63784287455540722  2535.5161113230088
178  5.2731293699168171  0.63760002072371202  2532.5981881670505
179  5.276088323757044  0.63733763717305025  2529.4493864844271
180  5.2792903134519236  0.63705370255605731  2526.0463659769007
181  5.2827607330468718  0.63674596507018344  2522.363232604006
182  5.2865280599618831  0.63641189949638988  2518.3710722602673
183  5.2906244685366506  0.63604865279338418  2514.0373607969377
184  5.295086609164656  0.63565297500834717  2509.3252162520475
185  5.2999566033289014  0.63522113104270472  2504.1924464102399
186  5.3043907815506595  0.63482793280815497  2499.5281405518813
187  5.3092242746889999  0.6343993255502467  2494.4536918423391
188  5.3145097187880062  0.633930641797676  2488.9165530175519
189  5.3203097489435081  0.63341632741890597  2482.8544668246159
190  5.3266997043576527  0.63284970175299005  2476.19289407926
191  5.3337713083028016  0.63222263129086376  2468.8415308622962
192  5.3416377786504352  0.63152507650209799  2460.6894952057855
193  5.3501741562576903  0.63076811806769117  2451.8736845753488
194  5.3592934026626811  0.62995947407380004  2442.4908149828716
195  5.3690861000508514  0.62909111219659464  2432.4550041611333
196  5.3796666522760228  0.62815288773933553  2421.6581194414448
197  5.3911823857677827  0.62713173661458188  2409.961390238379
198  5.4038274181723338  0.62601044555034424  2397.1826802502242
199  5.4178646079472612  0.62479453541386964  2383.2884332566109
200  5.4336445340288622  0.62348577495413338  2368.189873891406
201  5.4516501212619168  0.62199242191159709  2351.0785612988161
202  5.4723565465799293  0.62027506591268045  2331.5533433424048
203  5.4961689356956436  0.61830010651392631  2309.2997207911367
204  5.5211107225544991  0.61623147677084389  2286.2183473852347
205  5.5459132731721343  0.61417439504681604  2263.4945981871988
206  5.5707868888231751  0.61211141930875357  2240.9325712199643
207  5.5958428386148142  0.61005927534943671  2218.6141898360474
208  5.6212833131483038  0.60808590957919495  2196.9449170629555
209  5.6474849978975659  0.60605349828361177  2174.8484896396321
210  5.6743856652225793  0.60396686833392421  2152.3937884764023
211  5.702119381550756  0.60181562047054116  2129.4864121452651
212  5.730834435203346  0.59958825227054613  2106.0253325345989
213  5.7606916583663406  0.59727228830899481  2081.905127992577
214  5.7918633386327674  0.59492566534372138  2057.4909576369246
215  5.8247163207879895  0.5925423469507517  2032.6590428703478
216  5.859546882750104  0.59001556510277309  2006.6595959764886
217  5.8963768993700123  0.58734373288952446  1979.5292960432562
218  5.9354226008209414  0.58451116390097035  1951.1673042598729
219  5.9769233547961589  0.58151862076966532  1921.5822643292365
220  6.0211973388442486  0.57851458713063286  1891.6903568511048
221  6.069120599190982  0.57526294648276777  1859.8584539855133
222  6.1205009386854421  0.57177673959299213  1826.3250220880964
223  6.1756537989022782  0.56803456343824921  1791.0019822258243
224  6.2349336767447978  0.56426439072499734  1755.2883978154728
225  6.2998472148573681  0.56014446202396362  1717.046602518272
226  6.36995998530473  0.55569454874433077  1676.6772230559229
227  6.4505896713191957  0.5507533224215081  1632.3218886346508
228  6.5433138102358317  0.54515857387019917  1583.2047026541284
229  6.6413647236101179  0.53948247857237897  1534.161048070782
230  6.7427933816520529  0.5337485660216339  1485.7524854560677
231  6.8456186991487993  0.52805932723416249  1438.8676424719868
232  6.9494946402828006  0.5225336666926268  1394.0930340089933
233  7.0563209084727108  0.5170090080159202  1350.2936433006739
234  7.1791711168911068  0.51082202904357665  1302.4347228682936
235  7.3204488565722627  0.50395914291883848  1250.6811245817453
236  7.4829182572055917  0.49635917859890311  1194.9619719483685
237  7.6697580679339197  0.48799555145466356  1135.590965733976
238  7.7771909591027084  0.48341346929474543  1103.7807132439332
239  7.9007387839468155  0.47820287583309057  1068.5365218914617
240  8.0428187825175392  0.47239325132620125  1030.1068260357335
241  8.2062107808738709  0.46598019536002455  988.68919137593036
242  8.3941115789836527  0.45889435279911045  944.23221377022992
243  8.5021545378967769  0.45493083567487574  919.98455354704663
244  8.6264039406468704  0.45045421264300006  893.15408026490252
245  8.7692907538094769  0.44551463164632743  864.02378579206061
246  8.9336105889464754  0.43995079164913586  832.07803797009922
247  9.1225783993540226  0.43378361782117314  797.56972710597711
248  9.3398913813227029  0.42697152522582882  760.58124505544527
249  9.4648463459546939  0.42318157057987316  740.49943503639849
250  9.6085445552814832  0.41891102936326108  718.33380141926455
251  9.7737974960072904  0.4141644688677753  694.17652330687611
252  9.9638383778419684  0.4088451510937699  667.7851844628608
253  10.182385391951849  0.40294716038690981  639.30500206943213
254  10.433714458178212  0.39643237736291037  608.80749891800167
255  10.578228671258371  0.39282675652586424  592.30963447847057
256  10.744420016300554  0.38876637746315601  574.12385695687249
257  10.935540063099063  0.38420333017504071  554.17625901661324
258  11.155328116917349  0.37913214748412327  532.51105051660215
259  11.408084378808379  0.37349868155768134  509.12436692566382
260  11.698754079983063  0.36726656748378605  484.06083278287508
261  11.865889158158506  0.36379459702433897  470.46303951408277
262  12.058094498060266  0.35990759485204582  455.53557035971488
263  12.279130638947288  0.35554995935340244  439.19585189244799
264  12.533322200967365  0.35070265248651988  421.47385056359724
265  12.825642497290453  0.34530719430904355  402.33216562376953
266  12.993726667676228  0.34231013844867364  391.93617205682341
267  13.18702346361987  0.33892626614872268  380.42834899523928
268  13.409314778955057  0.33513962938307817  367.8125073194692
269  13.664949791590523  0.33089424104749893  354.01796310343263
270  13.958930056121309  0.32617173236534486  339.07769945573483
271  14.297007360331714  0.32093085896036311  322.99059110185044
272  14.491401810252697  0.31799816029107614  314.22696192545442
273  14.714955427661826  0.31470540978516859  304.56425804995513
274  14.972042087682325  0.3110212341277685  293.98642811066611
275  15.2676917467059  0.30688408912977222  282.41958409648254
276  15.60768885458301  0.30229184248479091  269.92632919224928
277  15.998685528641687  0.29719588429781474  256.4923427135999
278  16.223508616225423  0.2943393070832403  249.17362779287379
279  16.482055166946722  0.29113042164192726  241.11177664515088
280  16.779383700276217  0.28752837594791192  232.27722187983261
281  17.121311513605136  0.28349783091557235  222.63766241634349
282  17.514528498933391  0.27898944079348037  212.18484150966302
283  17.74062826549714  0.27645599522387287  206.45771935868387
284  18.00064299704545  0.27359491585029228  200.11969306599821
285  18.299659938326005  0.27037238699233873  193.12996064938471
286  18.643529420798647  0.26676010480823026  185.4868397268589
287  19.038979325642181  0.26269514808625416  177.14307606082915
288  19.266363020927216  0.26042554881850677  172.57851443214531
289  19.527854270505003  0.25783656416578188  167.49115018528929
290  19.828569207519458  0.25491286615911946  161.86351065323859
291  20.174391385086082  0.25164155275993899  155.70251126366486
292  20.5720868892877  0.24794824396650772  148.94952397609933
293  21.029436719119559  0.24382189606861829  141.63419100721055
294  21.29241287127288  0.24149890256289958  137.62094745016523
295  21.594835446249199  0.23886538884940103  133.16993529294655
296  21.942621407471965  0.23589974378792675  128.27213596933385
297  22.342575262878146  0.23255560391120195  122.89226457381946
298  22.802522196595252  0.22880911787539221  117.04165889531087
299  23.066991683482588  0.22668401106797914  113.81895540233728
300  23.371131593403025  0.22428305335937987  110.23818721522204
301  23.720892489811526  0.22157816030985786  106.28937413706309
302  24.123117520681305  0.21850704287127459  101.94131497363678
303  24.585676306181551  0.21505735781720692  97.188033686365657
304  24.851647607844193  0.21311908961538711  94.574048675138499
305  25.15751460475623  0.21090628680197485  91.661046800805963
306  25.509261651205072  0.20840895303221013  88.438436527700176
307  25.91377075462124  0.20557854849609963  84.886210662048654
308  26.378956223549835  0.20241678060725518  81.012412335543175
309  26.646437868183778  0.20062632632402186  78.875699519915045
310  26.954041759512812  0.19856730389830354  76.48805758268135
311  27.307786234541201  0.19622718203428896  73.820972575786456
312  27.714592380823845  0.19356326110392733  70.858697513721452
313  28.182419449048886  0.19055178728243652  67.597276973500982
314  28.451420013278288  0.18882994283819202  65.790117967478864
315  28.760770662142097  0.18688186407710369  63.768029213120627
316  29.116523908335477  0.18465021036805992  61.518430231622737
317  29.525640141457863  0.1821516179952552  59.038411008015039
318  29.99612380954861  0.17928734101867277  56.310898879828912
319  30.266651918700788  0.17765635255488321  54.783444049870667
320  30.577759244225792  0.17578498245570051  53.073733518144721
321  30.935532668579548  0.17365444820645939  51.163912503965371
322  31.346972106586367  0.17121825043651737  49.045788119452745
323  31.820127460294209  0.16844560306702344  46.701411397172677
324  32.092191788676217  0.16687515478826143  45.399856933828765
325  32.405065766315531  0.16507660675751723  43.946445381274337
326  32.764870840600736  0.16300889813719924  42.322592053995727
327  33.178646676028727  0.16063292107936297  40.500541989944168
328  33.654488886770913  0.15791398177597424  38.476926138313161
329  33.928098157947673  0.15635515737565839  37.347439799864539
330  34.242748819800944  0.15456501369289449  36.08269217836898
331  34.604597080932209  0.15250061952476951  34.648089234444349
332  35.020722581233159  0.15011878436646892  33.056288932337431
333  35.259994743906205  0.1487234819208795  32.140410741976787
334  35.53515773098021  0.14711832659711213  31.113286297760528
335  35.851595166115317  0.14527036167749993  29.954346407326945
336  36.215498216520686  0.14314772910752363  28.659214085022157
337  36.424742470503773  0.14192789365238007  27.935941462115718
338  36.665373362584326  0.14051675701561578  27.104733637024967
339  36.942098888476963  0.13889257222896381  26.175862230092545
340  37.260333243253491  0.13703035234276811  25.138521852167237
341  37.626302751246499  0.13489935301138886  23.981135635826138
342  37.836735218342476  0.1336740283958458  23.339927354436028
343  38.078732555502853  0.13228718164006978  22.614380506351008
344  38.357029493237285  0.13069458449217325  21.806922198066825
345  38.677070971631885  0.12886981704350298  20.911304875383429
346  39.045118671785673  0.12679759921885214  19.916975021182978
347  39.256746099374098  0.12561636942591187  19.367376424512692
348  39.500117641100793  0.12428746661672753  18.755685438398991
349  39.779994914086487  0.12275922838616558  18.076086425361158
350  40.101853778020036  0.12105076756024176  17.327745169697732
351  40.471991471543618  0.11909513128481221  16.505869756703696
352  40.684820645319675  0.11802812724117084  16.060258518663897
353  40.929574195162147  0.11680905590269254  15.563895499117868
354  41.211040777480989  0.11540712386344248  15.012013514643257
355  41.534727347147651  0.11380616897183922  14.402085114932818
356  41.906966902264315  0.11203429880828453  13.734677179894533
357  42.121004646456399  0.11101547346424057  13.365015874250263
358  42.367148052277294  0.10985393504313137  12.953447557995382
359  42.650212968971324  0.10857977226364893  12.503191351637669
360  42.975737623169458  0.10711448506724411  12.004711026213419
361  43.350090975497309  0.10545596594256243  11.457786998368148
362  43.565344153085825  0.1045261282894492  11.156241703182602
363  43.812885307312619  0.10345681498836898  10.819262571843892
364  44.097557634673429  0.10226200191511199  10.44746560301067
365  44.42493081113836  0.10090372907905444  10.037040220939376
366  44.801409964073031  0.09937811613635994  9.5882489019007018
367  45.017885477010466  0.098515871495249499  9.3406642644925491
368  45.266832316888518  0.097524290157972482  9.0638350787899373
369  45.553121182748278  0.096417492693675236  8.7549750811950151
370  45.882353378487004  0.09514494988240399  8.4127699770176712
371  46.260970403586533  0.093700623172343789  8.0376870054677596
372  46.478675193018766  0.092909195155800345  7.8335212554600098
373  46.729035700865829  0.091999052936775419  7.6051336805814644
374  47.016950284889958  0.09095238938489672  7.3507076832520282
375  47.348052056517702  0.089788578541993361  7.0716049854622716
376  47.728819093889605  0.088470904971591602  6.7651955816198379
377  48.1667011868673  0.087005389210111264  6.4339809397881247
378  48.41848339032947  0.086179249806039596  6.2524688875968648
379  48.70803292431097  0.085233428103905232  6.0504512590089696
380  49.041014888389697  0.084198595661902284  5.8309896774820764
381  49.423944147080228  0.083008538353598921  5.5884317883327457
382  49.864312794574339  0.081715597616215621  5.3293179873266956
383  50.117524766883456  0.08098185754247253  5.1867259552138689
384  50.408718535038936  0.080138056457667972  5.0274553302834377
385  50.743591368417739  0.079195098162399419  4.8525129321277323
386  51.128695126803365  0.078151621252758388  4.6619708930380561
387  51.57156444894683  0.076951622806671213  4.4520787974478351
388  51.826214309179328  0.076290302845384683  4.3378795090677622
389  52.119061648446696  0.07554634599358187  4.2113903813439979
390  52.455836088604173  0.074690795614008626  4.0704808839020918
391  52.843126694785269  0.07373900845530125  3.9168867383547186
392  53.28851089189353  0.072692840455880925  3.7512057193380066
393  53.800702718568026  0.071489747256547581  3.5693179040757546
394  54.095213018905859  0.070815688680069266  3.4696973653754837
395  54.433899864294368  0.070063569131051925  3.3597545115043781
396  54.823389736491158  0.069198631649681971  3.2376201004262128
397  55.271303089517467  0.068247446575220347  3.1052906255646078
398  55.786403445497719  0.067163318452163681  2.9603492235955811
399  56.082586150186359  0.06656562863882115  2.8815331778542679
400  56.423196260578301  0.065884437050161962  2.793820152508447
401  56.814897887529035  0.065105509940754244  2.6965232341405923
402  57.265354758522378  0.06426326691561926  2.5920234128631434
403  57.783380160164725  0.063294687436714028  2.4768453250003724
404  58.081244766109073  0.062737754236343521  2.4129502464573829
405  58.423789062945076  0.062127023625803066  2.3425849334522337
406  58.817715004306478  0.061426642422433467  2.2642665418520247
407  59.270729836872086  0.060634160140917132  2.1780093951300463
408  59.791696894322534  0.059752957219961746  2.0841539418335842
409  60.390809010390555  0.058759561967634634  1.9820569718360048
410  60.735298477129668  0.058205044241713071  1.9263196728058607
411  61.131461363879644  0.057567348856903282  1.8641567177916498
412  61.587048683642116  0.056875364009972722  1.7970778588504963
413  62.11097410136896  0.056084576460771265  1.723139615104091
414  62.713488331754832  0.055192487999964061  1.6425484426243158
415  63.059934014226705  0.054702905301961015  1.5988262460880975
416  63.458346549069361  0.054139885199257512  1.5499825665134013
417  63.916520964138421  0.053492412081148473  1.4956541819316973
418  64.443421541467842  0.052792905285706251  1.4371489001123223
419  65.049357205396674  0.051991966659735607  1.3728116214958164
420  65.397770212155748  0.051531426949802492  1.3371302858310168
421  65.798445169928684  0.051028665349996685  1.2980348055953919
422  66.259221371367559  0.050452941741286096  1.2545560651689447
423  66.789114003022263  0.049797322684126989  1.2065653888111778
424  67.398490529425175  0.04907853239424112  1.1547475027985801
425  68.099273534788523  0.048257483093593158  1.0980723948117554
426  68.502223762872447  0.047808929619613007  1.06745364049459
427  68.965616525168969  0.04729309312453582  1.0332960735343208
428  69.498518201809958  0.046705479602320341  0.9954359163430605
429  70.1113551299471  0.046054160165363303  0.95390955848715586
430  70.81611759730481  0.045305142812862721  0.90829135113733184
431  71.2213560160355  0.044875660583766921  0.88306471874148584
432  71.687380197575791  0.044404235274600752  0.85508526205777713
433  72.223308006347125  0.043862096169059665  0.8240030928019082
434  72.83962498643416  0.043238636197687419  0.78965279241627351
435  73.548389513534246  0.042572652835413408  0.75368058404711302
436  73.955929116616801  0.042207773701597825  0.73435268746093041
437  74.424599660161732  0.041788162697709914  0.71273757320071052
438  74.963570785238403  0.041306822740915496  0.6887075007034954
439  75.583387579076572  0.040819268629417003  0.66427040636668966
440  76.29617689199047  0.040258581401193733  0.6372377719486324
441  77.115884601841458  0.039619788283294682  0.60769186398180819
442  78.058548468170088  0.038960077446292256  0.5775889900454253
443  78.600580191309049  0.03858074371501586  0.56095989046467587
444  79.223916672918861  0.038154260343498267  0.54269164241085488
445  79.940753626770146  0.037698645412685389  0.52332725010852676
446  80.765116123699116  0.037174688242250578  0.50191086591489653
447  81.713132995167427  0.036613285661272456  0.47938595818302759
448  82.258242696261703  0.036300657043679622  0.46714152664339037
449  82.885118852520122  0.035941134133447863  0.45344656630531066
450  83.606026432217305  0.035527682786681336  0.43819296991208773
451  84.435070148869073  0.03509699095851454  0.42224990759765535
452  85.388470423018603  0.034603259037021765  0.40466352029979547
453  86.484880738290556  0.03404470826291222  0.38553557007372241
454  87.115316669571939  0.033749831418875421  0.37548314030618596
455  87.840317990545529  0.033410723048233108  0.3642464503238913
456  88.674069509665145  0.033020748421994449  0.35173934291093223
457  89.632883756652703  0.032597323727252221  0.33836585059913238
458  90.735520140688394  0.032129064226428729  0.32395629702836304
459  92.003551982329441  0.031602041048406623  0.30835370110185717
460  92.732670291273052  0.031319567244807507  0.30009345081676414
461  93.571156346558197  0.030994722370668533  0.29086734878449599
462  94.535415310136116  0.030627810036556413  0.28072337491127719
463  95.644313118250722  0.03023398019327532  0.26996481929872107
464  96.919545597582513  0.029781075873502066  0.25810122021550663
465  98.386062948814072  0.029314156071598797  0.24600534715697814
466  99.229310425772226  0.02904624184010688  0.23931786784366277
467  100.1990450242741  0.028738140473891175  0.23185170262856081
468  101.31423981255125  0.028404647884244818  0.22387382854479432
469  102.59671381906998  0.028044788846478402  0.21538855924921319
470  104.07155892656651  0.027630950953047025  0.20602732882124322
471  105.76763080018752  0.027173122699515911  0.19600892336500955
472  106.7428721275196  0.026928211560563169  0.19071234741374957
473  107.86439965395149  0.026646563750767516  0.18479798252194965
474  109.15415630934817  0.026322668769502518  0.1782228570918454
475  110.63737646305435  0.025984661487541867  0.17137776800020996
476  112.34307963981647  0.025596119454093322  0.16383227451294541
477  114.30463829309289  0.02518000976934346  0.15593841005055181
478  115.43253451872684  0.02494863949290986  0.15166633667232077
479  116.72961517820588  0.024682563675011218  0.14689794029551478
480  118.22125793660676  0.024391235765403578  0.14176438895495005
481  119.93664710876779  0.024074578482194357  0.136281007608726
482  121.90934465675296  0.023710422606503755  0.13023680977222632
483  124.17794683693592  0.023323553498980364  0.12393866163274803
484  125.48239309054111  0.023104426109862606  0.12048873514460909
485  126.98250628218709  0.022859720724434887  0.11671513357610547
486  128.70763645257998  0.022597196490731393  0.11270953915602104
487  130.69153614853178  0.022295293621972374  0.10827275862958949
488  132.97302079887635  0.021968037679299827  0.10356761578623862
489  135.59672814677262  0.021603277046444526  0.09850937890358033
490  137.10535987181296  0.021404093073517511  0.09580445063329214
491  138.84028635560938  0.021181282897088361  0.092837668176205299
492  140.83545181197525  0.020928672231239221  0.089570335524099376
493  143.12989208679599  0.020658285320617194  0.086120610474835782
494  145.76849840283984  0.020347340373401863  0.082317359892214753
495  148.80289566629028  0.020026921156821254  0.078444208956031977
496  150.54767409277429  0.019843099263150366  0.076303450605271869
497  152.55416928323089  0.019631704085428841  0.073913703236812248
498  154.86163875225597  0.019405136016711736  0.071378311919015766
499  157.51522864163482  0.019159213471313788  0.068672470534468413
500  160.56685701442049  0.018876402544106153  0.06568731805491923
501  164.07622964312401  0.018563949021608201  0.062497268466012508
502  166.09411890462854  0.018398570568548857  0.060823696094881072
503  168.41469155535876  0.018208385347530612  0.058954416386786293
504  171.08335010369851  0.017989672343359631  0.056875655100106524
505  174.15230743428921  0.017756878937841735  0.054688441873075214
506  177.68160836446853  0.0175010480275197  0.052345522312874523
507  181.74030443417473  0.017206842480649361  0.049774983337073073
508  184.07405467425579  0.017049993020046519  0.048420554027177543
509  186.75786745034901  0.016874804995404825  0.04693544594641276
510  189.84425214285622  0.016673338767066875  0.045283795654981147
511  193.3935945392395  0.016455714280628135  0.043529630846941773
512  197.47533829508029  0.01621549385256298  0.041646446777379616
513  202.16934361429719  0.015945025995469552  0.039608493441887993
514  204.8683966728469  0.015799371805995773  0.038527263957761654
515  207.97230769017906  0.015631869488100927  0.037320288265731694
516  211.54180536011106  0.015452720463019091  0.036044171378256003
517  215.64672768053285  0.015254296397874701  0.034665865321556216
518  220.36738834901792  0.015026108722958651  0.033145844977134159
519  225.79614811777574  0.01478969546941181  0.031592157360971436
520  228.91768498481147  0.0146578002149046  0.03074897802566624
521  232.5074523819026  0.014506120672221307  0.02980710507944825
522  236.63568488855736  0.01433168919813552  0.028759562687724873
523  241.38315227121035  0.014151183018550156  0.027677526797907977
524  246.8427397612613  0.013949922759724285  0.026506707257498409
525  253.1212653748199  0.013718473462074533  0.025221363348000039
526  256.73141760261603  0.013592866817468297  0.024536553467076484
527  260.88309266458162  0.013456458469152935  0.023798928294533808
528  265.6575189858421  0.013299588868590267  0.022978031356390538
529  271.14810925529162  0.013123567384951379  0.022083530552084129
530  277.46228806515859  0.012937001767946843  0.021148370500993587
531  284.72359369650559  0.012722451308391627  0.020121788262226915
532  292.77382715329691  0.012508937872022861  0.019116201857719117
533  300.82406061008919  0.012296724602255506  0.018164651216857657
534  308.8742940668825  0.012100920466025438  0.01730726771151311
535  316.92452752367689  0.011912606472998244  0.016510748246699552
536  324.97476098047241  0.011727628236864967  0.015759839115925343
537  333.02499443726907  0.011560198674086192  0.015088117600912592
538  341.07522789406698  0.011392769111307391  0.014445026441223308
539  349.12546135086615  0.01123490401775544  0.013852950296498414
540  357.17569480766667  0.01108599947962388  0.013306385432679015
541  365.22592826446862  0.010937094941492295  0.012781385155750263
542  373.27616172127205  0.010797688477826611  0.012298133370527493
543  381.32639517807701  0.010663306318213417  0.011843873165888424
544  389.37662863488362  0.010529987926527293  0.011408757807052795
545  397.42686209169187  0.010409400387189058  0.011016935956019189
546  405.47709554850195  0.010288812847850796  0.010638570816534977
547  413.5273290053139  0.010168225308512505  0.010273200231920422
548  421.57756246212779  0.010059151200641278  0.0099427634649586361
549  429.62779591894372  0.0099502817588309235  0.0096233407478803386
550  437.67802937576181  0.0098414123170205408  0.0093141798531358837
551  445.72826283258217  0.009743741934653976  0.0090361033309368007
552  453.77849628940487  0.0096462050586310234  0.0087665737555533783
553  461.82872974623007  0.009548668182608043  0.0085050837287834608
554  469.87896320305788  0.0094547712716027132  0.0082577216557798861
555  479.13673167840983  0.0093537574041699049  0.0079938584066026729
556  489.78316542506457  0.009237591456622174  0.0077008221699468018
557  502.02656423371752  0.0091109405262638655  0.0073883523208772934
558  516.10647286366839  0.0089719246322796237  0.0070549362974764588
559  524.20242032589022  0.0088919904932386832  0.0068700794402433308
560  533.51275990744523  0.0088088678815191439  0.0066770622768295707
561  544.21965042623356  0.0087137947292900021  0.0064625616248660386
562  556.53257452284015  0.0086044606042264878  0.0062243908911469087
563  570.69243723393765  0.0084896688619591348  0.0059768504940547508
564  586.97627935169976  0.0083600589736529101  0.0057075807166660783
565  605.45721997371174  0.00822041336663344  0.0054265157176353069
566  623.93816059115886  0.0080881331253402425  0.0051685826539885323
567  642.41910120533942  0.0079614006189870235  0.0049298445619164657
568  660.90004181718245  0.0078421027974323425  0.0047110128443856418
569  679.38098242735259  0.0077261824887534334  0.0045059874232293877
570  697.86192303632572  0.0076199294112213028  0.0043211084908826554
571  716.3428636444421  0.0075136763336940979  0.0041438150700901094
572  737.59594534377595  0.0073992687947539671  0.0039572291827630899
573  749.81646732089291  0.0073364324102587388  0.0038568471993131429
574  763.87006759457745  0.0072641705680892271  0.0037445518454242094
575  780.03170790931472  0.0071844868128223948  0.0036230540899567076
576  798.61759427126253  0.0071003200530277621  0.0034957973791647605
577  819.99136358750252  0.0070035282792639342  0.0033549681548555189
578  844.57119830117847  0.0068950461834361041  0.0032026833410367214
579  870.97239797169152  0.0067897666055740467  0.0030569185638610603
580  897.37359764220457  0.0066844870277119892  0.0029177880267905083
581  923.77479731271762  0.0065858375230747612  0.00279048113315505
582  950.17599698323068  0.006490923318834327  0.0026716921373743409
583  979.18158834545693  0.006391422579552569  0.0025507861145318412
584  1008.1882991370163  0.0062956054711090486  0.0024381368817828568
585  1037.1962970214106  0.0062061590114962243  0.0023353134045347246
586  1066.2057747900403  0.0061187873565678747  0.0022383890999702117
587  1095.2169541332842  0.0060380569622440752  0.0021504121082973602
588  1124.2300899791774  0.0059573211234938868  0.0020658873521988397
589  1153.2454754856531  0.0058832369158712721  0.0019892587645707355
590  1182.2634477854995  0.005809765532256584  0.0019158768729350443
591  1211.2843945984557  0.0057395255116872036  0.0018472642771043457
592  1240.3087618425623  0.0056716494417829999  0.0017825640364316051
593  1269.337062397401  0.0056067233242072662  0.0017219868465262883
594  1298.3698861957041  0.0055437462826165096  0.0016646533403490509
595  1327.4079118475324  0.0054836317799749519  0.0016110021055370624
596  1356.4519200335292  0.0054259453905479366  0.0015605364500355784
597  1385.5028089414593  0.0053682453348251925  0.0015116402651978358
598  1414.561612064339  0.0053148459461673323  0.0014666996200426636
599  1443.6295187301553  0.0052620524627359647  0.0014234228822699671
600  1472.7078977939311  0.0052097136904342553  0.0013816591449977826
601  1506.1480337172732  0.0051532859898025096  0.001337070913146416
602  1544.6041900291166  0.0050893365815101038  0.0012880453334172227
603  1588.8287697877365  0.0050190280341668222  0.0012354537517383925
604  1639.6870365101495  0.0049428269579481713  0.0011799461887378754
605  1698.1740432409244  0.0048594713115076094  0.0011212109882087109
606  1731.8040721111199  0.0048133819505907704  0.0010896423796290461
607  1770.4786053118448  0.0047629180945056035  0.0010556179051704362
608  1814.9543184926786  0.0047056931322581068  0.0010181614682569081
609  1866.1013886506373  0.0046436681609005291  0.000978346148913078
610  1924.9205193322898  0.0045746287120585509  0.00093540425060355194
611  1992.5625196161902  0.0044990451861966468  0.00088983515838268127
612  2031.456669779433  0.0044577171250632869  0.00086550839904630313
613  2076.1849424671623  0.0044115234738494819  0.00083889500765686113
614  2127.6224560580508  0.0043606338135830387  0.00081015817313525933
615  2186.7755966875725  0.0043037504520701281  0.00077892567917101584
616  2254.8017084115227  0.0042416922798346841  0.00074568496795466709
617  2333.031736894065  0.0041737172678546148  0.00071042834800808571
618  2378.0140032715271  0.0041365508762789696  0.0006915789326324952
619  2429.7436096056085  0.0040945315852974999  0.0006707560891470115
620  2489.232656889802  0.0040479218780282208  0.00064812834717504499
621  2557.6450612666245  0.0039965969754970788  0.00062377272766837811
622  2636.3193262999703  0.0039403458530249203  0.00059778115919041034
623  2726.7947310883178  0.0038787489326994056  0.00057018709083207471
624  2778.8180888416177  0.0038448467246472683  0.00055535685862904559
625  2838.6449502579126  0.0038068447744512581  0.00053906266666225078
626  2907.4458408866517  0.0037645272319864155  0.00052130514892723807
627  2986.5668651097017  0.0037179932338077841  0.00050220763483618412
628  3077.5560429662091  0.0036666818777459733  0.00048170010074889669
629  3182.1935975011925  0.0036106243993656263  0.00045993507058847329
630  3242.3601913588082  0.0035797212561956373  0.00044821487556339045
631  3311.551774295066  0.0035448159711890903  0.00043526559316104643
632  3391.1220946717626  0.0035067693986433235  0.00042136262939993717
633  3482.6279631049638  0.0034644451043914556  0.00040627847102278814
634  3587.8597118031448  0.0034173923901663085  0.00038998615720534487
635  3708.8762228060532  0.0033665224212075266  0.00037280205573051096
636  3831.5776166938876  0.0033172821453957176  0.00035667041700447979
637  3954.2790105817221  0.00327023208106101  0.00034171096344961279
638  4076.9804044695566  0.003225027490996929  0.00032776539310113589
639  4199.681798357391  0.0031819347833768039  0.0003148075176116416
640  4340.7884013284011  0.003134777587391788  0.00030101787519393804
641  4503.0609947450621  0.0030833889177957251  0.00028644234770457919
642  4596.3677359596422  0.0030549494966480343  0.00027859490341694201
643  4703.6704883564098  0.0030233093616961141  0.00027003556028989284
644  4827.0686536126923  0.0029885816324029964  0.00026082388088257248
645  4968.9765436574171  0.002950175507076839  0.0002508912360933764
646  5132.1706172088507  0.0029078686754441955  0.00024025355015421272
647  5319.8438017929993  0.0028616863799778062  0.00022898758722931871
648  5427.7558829288846  0.0028361812737476926  0.00022292100607899557
649  5551.8547762351527  0.0028076926871248593  0.00021627648583635571
650  5694.5685035373608  0.0027760954586844161  0.00020906297986995594
651  5858.6892899349004  0.0027412537949249882  0.00020128454103491168
652  6047.4281942920707  0.0027029643546490865  0.00019296418497595462
653  6264.4779343028167  0.002660956513351942  0.00018411353749768296
654  6389.2815348089953  0.0026377833015401369  0.00017934509014413361
655  6532.8056753911005  0.0026119891506216032  0.00017413308473379402
656  6697.8584370605222  0.0025834102088477008  0.00016847568979101396
657  6887.6691129803567  0.0025517782270090108  0.00016236283983835003
658  7105.9513902881663  0.0025168477590404156  0.00015579005305838689
659  7356.976009192148  0.0024791420308099884  0.00014887779255842132
660  7645.6543209317269  0.0024382659752715803  0.00014162342323566313
661  7811.6443501819849  0.0024156690898775551  0.00013772478418915048
662  8002.5328838197811  0.002390375288125197  0.00013345385689369734
663  8222.0546975032466  0.0023625921560028532  0.00012885126062786223
664  8474.504783239232  0.0023318492325317582  0.00012388655967775813
665  8764.8223818356146  0.0022980503058409258  0.00011857967555374274
666  9098.6876202214553  0.0022610579924235829  0.00011295316089239685
667  9290.6601322933129  0.0022409204646150122  0.00010995387302987731
668  9511.4285211759507  0.0022182465252583369  0.00010665256884078565
669  9765.3121683909831  0.0021931758824991743  0.00010307773369905128
670  10057.27836268827  0.0021655236874955353  9.9225898134712868e-05
671  10393.03948613015  0.0021351634532168181  9.5108454115534196e-05
672  10779.164778088314  0.0021018671284179914  9.0730034075826383e-05
673  11001.186820964258  0.0020833626569929809  8.836047399171735e-05
674  11256.512170271593  0.0020631733152063716  8.5808423311371798e-05
675  11550.136321975029  0.0020403245693471428  8.299596086920972e-05
676  11887.80409643398  0.0020152459225168625  7.9973057667473025e-05
677  12276.122037061774  0.001987583385188335  7.6725709027250589e-05
678  12722.687668783736  0.0019573661225305169  7.3279469827550726e-05
679  13236.238145263993  0.0019244971176018348  6.9647131405360028e-05
680  13531.529669240141  0.0019063570359651931  6.7697641397910762e-05
681  13871.11492181271  0.0018862419789820459  6.5576343775534498e-05
682  14261.637962271165  0.0018639984895017297  6.3282407138298154e-05
683  14710.739458798387  0.0018393894581967209  6.0809987511028042e-05
684  15227.206179804694  0.0018124134315084372  5.8174360618100298e-05
685  15821.142908961947  0.0017830022001294509  5.5387729530150662e-05
686  16162.656528227366  0.0017667572592714581  5.3888976806757323e-05
687  16555.397190382599  0.0017487164477219118  5.2254735242581626e-05
688  17007.048951861118  0.0017287719053597284  5.0486240445775294e-05
689  17526.448477561415  0.0017066613748084876  4.8574913488389938e-05
690  18123.757932116754  0.0016824494445549895  4.653586349864041e-05
691  18810.663804855394  0.0016559560606561766  4.4371544243447509e-05
692  19205.634681680112  0.0016413401745784377  4.3206815987395653e-05
693  19659.851190028538  0.0016250435650407499  4.193265061949249e-05
694  20182.20017462923  0.0016069597719191931  4.0548281134446715e-05
695  20782.901506920025  0.0015869610442450928  3.9053483454413113e-05
696  21473.70803905444  0.0015649423883226606  3.7451135447398453e-05
697  22268.135551009014  0.0015409176451881084  3.5751850976312431e-05
698  22724.931370382896  0.0015276316711885648  3.4834965354929504e-05
699  23250.246562662858  0.0015128100196989424  3.3830850872248073e-05
700  23854.359033784815  0.0014963378947798415  3.273786714936352e-05
701  24549.088375575066  0.0014780811263800672  3.1554860677212845e-05
702  25348.027118633854  0.001458050395019657  3.0288601274755393e-05
703  26266.806673151459  0.0014360073750332414  2.8936359537925242e-05
704  27323.403160846705  0.0014120372533556265  2.7511040752773604e-05
705  27930.946141271474  0.001398822462572151  2.674594546368462e-05
706  28629.620568759954  0.0013841188914071982  2.5911453766090071e-05
707  29433.096160371708  0.001367857633005972  2.5008375173418084e-05
708  30357.093090725226  0.0013498519940929876  2.4034153340499014e-05
709  31419.68956063177  0.0013301278522779179  2.2995515219912967e-05
710  32641.675501024296  0.001308543790134958  2.1894134535533505e-05
711  33927.121679392811  0.0012870257802297589  2.0831735681426535e-05
712  35212.567857761322  0.0012666141095345575  1.9856326616486648e-05
713  36498.014036129833  0.0012472065825821356  1.8957742748735883e-05
714  37783.460214498344  0.0012287512951261873  1.8128476860776089e-05
715  39068.906392866855  0.0012111589893286268  1.7360705747305553e-05
716  40354.352571235366  0.0011943280581074276  1.6647059587131014e-05
717  41780.452093967389  0.0011764935049879994  1.5912611077453334e-05
718  43206.551616699413  0.0011595117899902644  1.5233278484241375e-05
719  44632.651139431437  0.0011432828878586425  1.4602423841212808e-05
720  46058.75066216346  0.0011277251947637034  1.4014555687545801e-05
721  47484.850184895484  0.0011128372392331788  1.3466708523632796e-05
722  48910.949707627507  0.001098543547578125  1.2954404524179533e-05
723  50337.049230359531  0.0010847989906985901  1.247428968234036e-05
724  51763.148753091555  0.0010715859531665046  1.2023946892671256e-05
725  53189.248275823578  0.0010588548143636689  1.1600443467983675e-05
726  54615.347798555609  0.0010465611728121263  1.1201222529982358e-05
727  56041.447321287633  0.0010347281040570828  1.08253599261905e-05
728  57467.546844019656  0.0010232698388324701  1.046975165442515e-05
729  58893.64636675168  0.0010121725510077266  1.0133005437481307e-05
730  60319.745889483711  0.0010014697716977049  9.814758264594744e-06
731  61745.845412215735  0.00099108789786716742  9.5126044640961351e-06
732  63171.944934947758  0.00098101291026875411  9.2254501962215738e-06
733  64598.044457679782  0.00097123128342869645  8.9522876080242258e-06
734  66024.143980411813  0.00096172995703347995  8.6921869310281695e-06
735  67450.243503143836  0.0009524963092926767  8.4442894062762561e-06
736  68876.34302587586  0.00094352216471973549  8.2078699058025089e-06
737  70302.442548607884  0.00093479397124748191  7.9821597888266413e-06
738  71728.542071339907  0.0009262922263688398  7.7663436321533311e-06
739  73154.641594071931  0.00091800601497890643  7.5597986509462137e-06
740  74580.741116803954  0.00090992922127105711  7.3620166992104789e-06
741  76006.840639535978  0.0009020582769628452  7.1725589445432106e-06
742  77432.940162268002  0.00089437702656730415  6.990821348011695e-06
743  78859.039685000025  0.000886875497333311  6.8163292401905905e-06
744  80285.139207732049  0.00087954395509712681  6.6486396797676226e-06
745  81711.238730464072  0.00087237290426852784  6.4873393279128014e-06
746  83137.338253196096  0.00086535307538490504  6.3320422324833598e-06
747  84563.43777592812  0.00085847540671527879  6.1823876777106543e-06
748  85989.537298660143  0.000851771176180149  6.0385740660046721e-06
749  87415.636821392167  0.00084520501806633177  5.8999059654507727e-06
750  88841.736344124191  0.00083875931147370578  5.765961254874297e-06
751  90267.835866856214  0.00083242555338190001  5.6364584393901365e-06
752  91693.935389588238  0.00082624331157235944  5.5117233424509649e-06
753  93120.034912320261  0.00082017871754895035  5.3911643615312471e-06
754  94546.134435052285  0.00081420633871131891  5.2743290643695656e-06
755  95972.233957784309  0.00080834914190967692  5.1613552969667626e-06
756  97398.333480516332  0.00080261746800152625  5.0522213436605812e-06
757  98824.433003248356  0.00079696071236700695  4.9462250783166098e-06
758  100250.53252598038  0.00079140814615145493  4.8435833766002248e-06
759  101676.6320487124  0.00078596585227392658  4.7442441703542497e-06
760  103102.73157144443  0.00078058417370722099  4.6475737439022209e-06
761  104528.83109417645  0.00077531529445090566  4.5540242591688314e-06
762  105954.93061690847  0.00077012485349329867  4.4631418651737462e-06
763  107381.0301396405  0.00076498998714897627  4.3746176813865626e-06
764  108807.12966237252  0.0007599777478312468  4.2890258716082809e-06
765  110233.22918510454  0.00075500778556110101  4.2055059542865462e-06
766  111659.32870783657  0.00075012549626574511  4.1244200963113607e-06
767  113085.42823056859  0.00074531530033477135  4.0455483043325277e-06
768  114511.52775330062  0.00074055185330588742  3.9685986933971981e-06
769  115937.62727603264  0.00073589123767053475  3.8940062710023021e-06
770  117363.72679876466  0.0007312611998749949  3.8210770479676038e-06
771  118789.82632149669  0.00072672217144011456  3.7502773679477059e-06
772  120215.92584422871  0.0007222289996615405  3.6811692316834873e-06
773  121642.02536696073  0.00071779629822903048  3.61382614017704e-06
774  123068.12488969276  0.00071343323121366104  3.5482760417658002e-06
775  124494.22441242478  0.00070910353045425397  3.4841789129644789e-06
776  125920.3239351568  0.00070486547976978699  3.4219642643501736e-06
777  127346.42345788883  0.00070065038108876995  3.3610416539429411e-06
778  128772.52298062085  0.00069652010994579179  3.3018677755707285e-06
779  130412.53743176268  0.00069181957768684095  3.2354833636502444e-06
780  132298.5540505758  0.00068648735347383359  3.1613295837849564e-06
781  134467.47316221087  0.0006804525674725271  3.078666645851534e-06
782  136961.73014059119  0.00067351621066672439  2.9854608242014234e-06
783  139830.12566572856  0.00066540247384821137  2.8788886068131894e-06
784  143128.78051963655  0.00065566435300704084  2.7542904605567041e-06
785  145025.50706063365  0.00064980617161147281  2.6811749152144704e-06
786  147206.74258278031  0.00064275691433262727  2.594853137040512e-06
787  149715.16343324896  0.00063477795873894576  2.4994241789956182e-06
788  151157.50542226844  0.00062714692930678048  2.4103657763863544e-06
789  152816.19870964083  0.00062351572807075651  2.3687395833761432e-06
790  154723.69599011907  0.00062351572807075651  2.3687395833761432e-06
791  156917.31786266906  0.00062351572807075651  2.3687395833761432e-06
792  159439.98301610156  0.00062351572807075651  2.3687395833761432e-06
793  162341.04794254893  0.00062351572807075651  2.3687395833761432e-06
794  165677.27260796342  0.00062351572807075651  2.3687395833761432e-06
795  169513.93097319006  0.00062351572807075651  2.3687395833761432e-06
796  173926.0880932007  0.00062351572807075651  2.3687395833761432e-06
797  179000.06878121293  0.00062351572807075651  2.3687395833761432e-06
798  184835.14657242701  0.00062351572807075651  2.3687395833761432e-06
799  191545.48603232318  0.00062351572807075651  2.3687395833761432e-06
800  199262.37641120379  0.00062351572807075651  2.3687395833761432e-06
801  208136.80034691648  0.00062351572807075651  2.3687395833761432e-06
802  217745.10741833059  0.00062351572807075651  2.3687395833761432e-06
803  228794.66055045681  0.00062351572807075651  2.3687395833761432e-06
804  240481.09026826851  0.00062351572807075651  2.3687395833761432e-06
805  252167.51998608018  0.00062351572807075651  2.3687395833761432e-06
806  263853.94970389188  0.00062351572807075651  2.3687395833761432e-06
807  275540.37942170352  0.00062351572807075651  2.3687395833761432e-06
808  287226.80913951522  0.00062351572807075651  2.3687395833761432e-06
809  298913.23885732691  0.00062351572807075651  2.3687395833761432e-06
810  310599.66857513861  0.00062351572807075651  2.3687395833761432e-06
811  322286.09829295031  0.00062351572807075651  2.3687395833761432e-06
812  333972.52801076201  0.00062351572807075651  2.3687395833761432e-06
813  345658.9577285737  0.00062351572807075651  2.3687395833761432e-06
814  357345.3874463854  0.00062351572807075651  2.3687395833761432e-06
815  369031.8171641971  0.00062351572807075651  2.3687395833761432e-06
816  380718.2468820088  0.00062351572807075651  2.3687395833761432e-06
817  392404.67659982044  0.00062351572807075651  2.3687395833761432e-06
818  404091.10631763213  0.00062351572807075651  2.3687395833761432e-06
819  415777.53603544383  0.00062351572807075651  2.3687395833761432e-06
820  427463.96575325553  0.00062351572807075651  2.3687395833761432e-06
821  439150.39547106723  0.00062351572807075651  2.3687395833761432e-06
822  450836.82518887892  0.00062351572807075651  2.3687395833761432e-06
823  462523.25490669062  0.00062351572807075651  2.3687395833761432e-06
824  474209.68462450232  0.00062351572807075651  2.3687395833761432e-06
825  485896.11434231402  0.00062351572807075651  2.3687395833761432e-06
826  497582.54406012571  0.00062351572807075651  2.3687395833761432e-06
827  509268.97377793741  0.00062351572807075651  2.3687395833761432e-06
828  520955.40349574911  0.00062351572807075651  2.3687395833761432e-06
829  532641.83321356075  0.00062351572807075651  2.3687395833761432e-06
830  544328.26293137239  0.00062351572807075651  2.3687395833761432e-06
831  556014.69264918403  0.00062351572807075651  2.3687395833761432e-06
832  567701.12236699567  0.00062351572807075651  2.3687395833761432e-06
833  579387.55208480731  0.00062351572807075651  2.3687395833761432e-06
834  591073.98180261895  0.00062351572807075651  2.3687395833761432e-06
835  602760.41152043059  0.00062351572807075651  2.3687395833761432e-06
836  614446.84123824222  0.00062351572807075651  2.3687395833761432e-06
837  626133.27095605386  0.00062351572807075651  2.3687395833761432e-06
838  637819.7006738655  0.00062351572807075651  2.3687395833761432e-06
839  649506.13039167714  0.00062351572807075651  2.3687395833761432e-06
840  662945.52456716052  0.00062351572807075651  2.3687395833761432e-06
841  678400.8278689665  0.00062351572807075651  2.3687395833761432e-06
842  696174.42666604335  0.00062351572807075651  2.3687395833761432e-06
843  716614.06528268172  0.00062351572807075651  2.3687395833761432e-06
844  740119.64969181584  0.00062351572807075651  2.3687395833761432e-06
845  767151.07176232  0.00062351572807075651  2.3687395833761432e-06
846  798237.20714339986  0.00062351572807075651  2.3687395833761432e-06
847  833986.26283164171  0.00062351572807075651  2.3687395833761432e-06
848  875097.67687311978  0.00062351572807075651  2.3687395833761432e-06
849  922375.80302081956  0.00062351572807075651  2.3687395833761432e-06
850  976745.64809067431  0.00062351572807075651  2.3687395833761432e-06
851  1000000  0.00062351572807075651  2.3687395833761432e-06
