1  0.71  0.27  0.005  0  0.015  0  0  0
2  0.71  0.27  0.005  0  0.015  0  0  0
3  0.71  0.27  0.005  0  0.015  0  0  0
4  0.71  0.27  0.005  0  0.015  0  0  0
5  0.71  0.27  0.005  0  0.015  0  0  0
6  0.71  0.27  0.005  0  0.015  0  0  0
7  0.71  0.27  0.005  0  0.015  0  0  0
8  0.71  0.27  0.005  0  0.015  0  0  0
9  0.71  0.27  0.005  0  0.015  0  0  0
10  0.71  0.27  0.005  0  0.015  0  0  0
11  0.71  0.27  0.005  0  0.015  0  0  0
12  0.71  0.27  0.005  0  0.015  0  0  0
13  0.71  0.27  0.005  0  0.015  0  0  0
14  0.71  0.27  0.005  0  0.015  0  0  0
15  0.71  0.27  0.005  0  0.015  0  0  0
16  0.71  0.27  0.005  0  0.015  0  0  0
17  0.71  0.27  0.005  0  0.015  0  0  0
18  0.71  0.27  0.005  0  0.015  0  0  0
19  0.71  0.27  0.005  0  0.015  0  0  0
20  0.71  0.27  0.005  0  0.015  0  0  0
21  0.71  0.27  0.005  0  0.015  0  0  0
22  0.71  0.27  0.005  0  0.015  0  0  0
23  0.71  0.27  0.005  0  0.015  0  0  0
24  0.71  0.27  0.005  0  0.015  0  0  0
25  0.71  0.27  0.005  0  0.015  0  0  0
26  0.71  0.27  0.005  0  0.015  0  0  0
27  0.71  0.27  0.005  0  0.015  0  0  0
28  0.71  0.27  0.005  0  0.015  0  0  0
29  0.71  0.27  0.005  0  0.015  0  0  0
30  0.71  0.27  0.005  0  0.015  0  0  0
31  0.71  0.27  0.005  0  0.015  0  0  0
32  0.71  0.27  0.005  0  0.015  0  0  0
33  0.71  0.27  0.005  0  0.015  0  0  0
34  0.71  0.27  0.005  0  0.015  0  0  0
35  0.71  0.27  0.005  0  0.015  0  0  0
36  0.71  0.27  0.005  0  0.015  0  0  0
37  0.71  0.27  0.005  0  0.015  0  0  0
38  0.71  0.27  0.005  0  0.015  0  0  0
39  0.71  0.27  0.005  0  0.015  0  0  0
40  0.71  0.27  0.005  0  0.015  0  0  0
41  0.71  0.27  0.005  0  0.015  0  0  0
42  0.71  0.27  0.005  0  0.015  0  0  0
43  0.71  0.27  0.005  0  0.015  0  0  0
44  0.71  0.27  0.005  0  0.015  0  0  0
45  0.71  0.27  0.005  0  0.015  0  0  0
46  0.71  0.27  0.005  0  0.015  0  0  0
47  0.71  0.27  0.005  0  0.015  0  0  0
48  0.71  0.27  0.005  0  0.015  0  0  0
49  0.71  0.27  0.005  0  0.015  0  0  0
50  0.71  0.27  0.005  0  0.015  0  0  0
51  0.71  0.27  0.005  0  0.015  0  0  0
52  0.71  0.27  0.005  0  0.015  0  0  0
53  0.71  0.27  0.005  0  0.015  0  0  0
54  0.71  0.27  0.005  0  0.015  0  0  0
55  0.71  0.27  0.005  0  0.015  0  0  0
56  0.71  0.27  0.005  0  0.015  0  0  0
57  0.71  0.27  0.005  0  0.015  0  0  0
58  0.71  0.27  0.005  0  0.015  0  0  0
59  0.71  0.27  0.005  0  0.015  0  0  0
60  0.71  0.27  0.005  0  0.015  0  0  0
61  0.71  0.27  0.005  0  0.015  0  0  0
62  0.71  0.27  0.005  0  0.015  0  0  0
63  0.71  0.27  0.005  0  0.015  0  0  0
64  0.71  0.27  0.005  0  0.015  0  0  0
65  0.71  0.27  0.005  0  0.015  0  0  0
66  0.71  0.27  0.005  0  0.015  0  0  0
67  0.71  0.27  0.005  0  0.015  0  0  0
68  0.71  0.27  0.005  0  0.015  0  0  0
69  0.71  0.27  0.005  0  0.015  0  0  0
70  0.71  0.27  0.005  0  0.015  0  0  0
71  0.71  0.27  0.005  0  0.015  0  0  0
72  0.71  0.27  0.005  0  0.015  0  0  0
73  0.71  0.27  0.005  0  0.015  0  0  0
74  0.71  0.27  0.005  0  0.015  0  0  0
75  0.71  0.27  0.005  0  0.015  0  0  0
76  0.71  0.27  0.005  0  0.015  0  0  0
77  0.71  0.27  0.005  0  0.015  0  0  0
78  0.71  0.27  0.005  0  0.015  0  0  0
79  0.71  0.27  0.005  0  0.015  0  0  0
80  0.71  0.27  0.005  0  0.015  0  0  0
81  0.71  0.27  0.005  0  0.015  0  0  0
82  0.71  0.27  0.005  0  0.015  0  0  0
83  0.71  0.27  0.005  0  0.015  0  0  0
84  0.71  0.27  0.005  0  0.015  0  0  0
85  0.71  0.27  0.005  0  0.015  0  0  0
86  0.71  0.27  0.005  0  0.015  0  0  0
87  0.71  0.27  0.005  0  0.015  0  0  0
88  0.71  0.27  0.005  0  0.015  0  0  0
89  0.71  0.27  0.005  0  0.015  0  0  0
90  0.71  0.27  0.005  0  0.015  0  0  0
91  0.71  0.27  0.005  0  0.015  0  0  0
92  0.71  0.27  0.005  0  0.015  0  0  0
93  0.71  0.27  0.005  0  0.015  0  0  0
94  0.71  0.27  0.005  0  0.015  0  0  0
95  0.71  0.27  0.005  0  0.015  0  0  0
96  0.71  0.27  0.005  0  0.015  0  0  0
97  0.71  0.27  0.005  0  0.015  0  0  0
98  0.71  0.27  0.005  0  0.015  0  0  0
99  0.71  0.27  0.005  0  0.015  0  0  0
100  0.71  0.27  0.005  0  0.015  0  0  0
101  0.71  0.27  0.005  0  0.015  0  0  0
102  0.71  0.27  0.005  0  0.015  0  0  0
103  0.71  0.27  0.005  0  0.015  0  0  0
104  0.71  0.27  0.005  0  0.015  0  0  0
105  0.71  0.27  0.005  0  0.015  0  0  0
106  0.71  0.27  0.005  0  0.015  0  0  0
107  0.71  0.27  0.005  0  0.015  0  0  0
108  0.71  0.27  0.005  0  0.015  0  0  0
109  0.71  0.27  0.005  0  0.015  0  0  0
110  0.71  0.27  0.005  0  0.015  0  0  0
111  0.71  0.27  0.005  0  0.015  0  0  0
112  0.71  0.27  0.005  0  0.015  0  0  0
113  0.71  0.27  0.005  0  0.015  0  0  0
114  0.71  0.27  0.005  0  0.015  0  0  0
115  0.71  0.27  0.005  0  0.015  0  0  0
116  0.71  0.27  0.005  0  0.015  0  0  0
117  0.71  0.27  0.005  0  0.015  0  0  0
118  0.71  0.27  0.005  0  0.015  0  0  0
119  0.71  0.27  0.005  0  0.015  0  0  0
120  0.71  0.27  0.005  0  0.015  0  0  0
121  0.71  0.27  0.005  0  0.015  0  0  0
122  0.71  0.27  0.005  0  0.015  0  0  0
123  0.71  0.27  0.005  0  0.015  0  0  0
124  0.71  0.27  0.005  0  0.015  0  0  0
125  0.71  0.27  0.005  0  0.015  0  0  0
126  0.71  0.27  0.005  0  0.015  0  0  0
127  0.71  0.27  0.005  0  0.015  9.21801e-31  0  0
128  0.71  0.27  0.005  0  0.015  2.53404e-30  0  0
129  0.71  0.27  0.005  0  0.015  5.35385e-30  0  0
130  0.71  0.27  0.005  0  0.015  1.02857e-29  0  0
131  0.71  0.27  0.005  0  0.015  1.89116e-29  0  0
132  0.71  0.27  0.005  0  0.015  3.39982e-29  0  0
133  0.71  0.27  0.005  0  0.015  6.03848e-29  0  0
134  0.71  0.27  0.005  0  0.015  1.06535e-28  0  0
135  0.71  0.27  0.005  0  0.015  1.87252e-28  0  0
136  0.71  0.27  0.005  0  0.015  3.28426e-28  0  0
137  0.71  0.27  0.005  0  0.015  5.7534e-28  0  0
138  0.71  0.27  0.005  0  0.015  1.00719e-27  0  0
139  0.71  0.27  0.005  0  0.015  1.7625e-27  0  3.06361e-40
140  0.71  0.27  0.005  0  0.015  3.08353e-27  0  1.01499e-39
141  0.71  0.27  0.005  0  0.015  5.39399e-27  0  2.6541e-39
142  0.71  0.27  0.005  0  0.015  9.43494e-27  0  6.44545e-39
143  0.71  0.27  0.005  0  0.015  1.65025e-26  0  1.52151e-38
144  0.71  0.27  0.005  0  0.015  2.88634e-26  0  3.54997e-38
145  0.71  0.27  0.005  0  0.015  5.04819e-26  0  8.24191e-38
146  0.71  0.27  0.005  0  0.015  8.82914e-26  0  1.90946e-37
147  0.71  0.27  0.005  0  0.015  1.54417e-25  0  4.41975e-37
148  0.71  0.27  0.005  0  0.015  2.70063e-25  0  1.02262e-36
149  0.71  0.27  0.005  0  0.015  4.72309e-25  0  2.36567e-36
150  0.71  0.27  0.005  0  0.015  8.25995e-25  0  5.47219e-36
151  0.71  0.27  0.005  0  0.015  1.44449e-24  0  1.26577e-35
152  0.71  0.27  0.005  0  0.015  2.52601e-24  0  2.92779e-35
153  0.71  0.27  0.005  0  0.015  4.41705e-24  0  6.77206e-35
154  0.71  0.27  0.005  0  0.015  7.72324e-24  0  1.56638e-34
155  0.71  0.27  0.005  0  0.015  1.35029e-23  0  3.62302e-34
156  0.71  0.27  0.005  0  0.015  2.36048e-23  0  8.37991e-34
157  0.71  0.27  0.005  0  0.015  4.12576e-23  0  1.93821e-33
158  0.71  0.27  0.005  0  0.015  7.20968e-23  0  4.48287e-33
159  0.71  0.27  0.005  0  0.015  1.25952e-22  0  1.03681e-32
160  0.71  0.27  0.005  0  0.015  2.19954e-22  0  2.39789e-32
161  0.71  0.27  0.005  0  0.015  3.83925e-22  0  5.54549e-32
162  0.71  0.27  0.005  0  0.015  6.697e-22  0  1.28241e-31
163  0.71  0.27  0.005  0  0.015  1.16719e-21  0  2.96538e-31
164  0.71  0.27  0.005  0  0.015  2.03197e-21  0  6.85634e-31
165  0.71  0.27  0.005  0  0.015  3.53224e-21  0  1.58507e-30
166  0.71  0.27  0.005  0  0.015  6.12831e-21  0  3.66377e-30
167  0.71  0.27  0.005  0  0.015  1.06054e-20  0  8.4666e-30
168  0.71  0.27  0.005  0  0.015  1.82927e-20  0  1.95596e-29
169  0.71  0.27  0.005  0  0.015  3.14164e-20  0  4.51689e-29
170  0.71  0.27  0.005  0  0.015  5.36559e-20  0  1.04254e-28
171  0.71  0.27  0.005  0  0.015  9.0987e-20  0  2.40461e-28
172  0.71  0.27  0.005  0  0.015  1.52899e-19  0  5.54118e-28
173  0.71  0.27  0.005  0  0.015  2.54037e-19  0  1.27539e-27
174  0.71  0.27  0.005  0  0.015  4.16205e-19  0  2.9309e-27
175  0.71  0.27  0.005  0  0.015  6.70491e-19  0  6.72151e-27
176  0.71  0.27  0.005  0  0.015  1.05902e-18  0  1.53733e-26
177  0.71  0.27  0.005  0  0.015  1.63591e-18  0  3.50391e-26
178  0.71  0.27  0.005  0  0.015  2.46738e-18  0  7.95017e-26
179  0.71  0.27  0.005  0  0.015  3.63246e-18  0  1.79341e-25
180  0.71  0.27  0.005  0  0.015  5.22666e-18  0  4.01578e-25
181  0.71  0.27  0.005  0  0.015  7.37103e-18  0  8.90879e-25
182  0.71  0.27  0.005  0  0.015  1.02264e-17  0  1.95369e-24
183  0.71  0.27  0.005  6.6166e-38  0.015  1.40107e-17  0  4.2398e-24
184  0.71  0.27  0.005  2.52862e-37  0.015  1.90181e-17  0  9.01348e-24
185  0.71  0.27  0.005  7.69604e-37  0.015  2.56408e-17  0  1.87945e-23
186  0.71  0.27  0.005  2.17067e-36  0.015  3.43994e-17  0  3.83767e-23
187  0.71  0.27  0.005  5.88719e-36  0.015  4.59828e-17  0  7.66505e-23
188  0.71  0.27  0.005  1.55302e-35  0.015  6.13017e-17  0  1.49752e-22
189  0.71  0.27  0.005  4.00276e-35  0.015  8.15611e-17  0  2.86536e-22
190  0.71  0.27  0.005  1.01088e-34  0.015  1.08354e-16  0  5.38168e-22
191  0.71  0.27  0.005  2.50829e-34  0.015  1.43788e-16  0  9.95018e-22
192  0.71  0.27  0.005  6.13176e-34  0.015  1.90649e-16  0  1.81635e-21
193  0.71  0.27  0.005  1.48077e-33  0.015  2.52622e-16  0  3.2824e-21
194  0.71  0.27  0.005  3.54111e-33  0.015  3.34583e-16  0  5.8856e-21
195  0.71  0.27  0.005  8.40305e-33  0.015  4.42975e-16  0  1.04903e-20
196  0.71  0.27  0.005  1.98209e-32  0.015  5.86324e-16  0  1.86123e-20
197  0.71  0.27  0.005  4.65361e-32  0.015  7.75903e-16  0  3.29081e-20
198  0.71  0.27  0.005  1.0887e-31  0.015  1.02662e-15  0  5.80311e-20
199  0.71  0.27  0.005  2.54004e-31  0.015  1.3582e-15  0  1.0213e-19
200  0.71  0.27  0.005  5.91384e-31  0.015  1.7967e-15  0  1.79467e-19
201  0.71  0.27  0.005  1.37471e-30  0.015  2.37663e-15  0  3.15007e-19
202  0.71  0.27  0.005  3.19176e-30  0.015  3.14358e-15  0  5.52433e-19
203  0.71  0.27  0.005  7.40378e-30  0.015  4.15788e-15  0  9.68177e-19
204  0.71  0.27  0.005  1.71623e-29  0.015  5.49928e-15  0  1.69596e-18
205  0.71  0.27  0.005  3.97623e-29  0.015  7.27329e-15  0  2.96969e-18
206  0.71  0.27  0.005  9.20861e-29  0.015  9.61942e-15  0  5.19858e-18
207  0.71  0.27  0.005  2.132e-28  0.015  1.27222e-14  0  9.09839e-18
208  0.71  0.27  0.005  4.93492e-28  0.015  1.68256e-14  0  1.59212e-17
209  0.71  0.27  0.005  1.14209e-27  0.015  2.22523e-14  0  2.78568e-17
210  0.71  0.27  0.005  2.64278e-27  0.015  2.94292e-14  0  4.87357e-17
211  0.71  0.27  0.005  6.11478e-27  0.015  3.89205e-14  0  8.52576e-17
212  0.71  0.27  0.005  1.41471e-26  0.015  5.14729e-14  0  1.49141e-16
213  0.71  0.27  0.005  3.27289e-26  0.015  6.80734e-14  0  2.6088e-16
214  0.71  0.27  0.005  7.57138e-26  0.015  9.00276e-14  0  4.56324e-16
215  0.71  0.27  0.005  1.75138e-25  0.015  1.1906e-13  0  7.98141e-16
216  0.71  0.27  0.005  4.05098e-25  0.015  1.57453e-13  0  1.39594e-15
217  0.71  0.27  0.005  9.37007e-25  0.015  2.08227e-13  0  2.44151e-15
218  0.71  0.27  0.005  2.16734e-24  0.015  2.75376e-13  0  4.2702e-15
219  0.71  0.27  0.005  1.03781e-28  0.015  3.64181e-13  2.38933e-24  7.4686e-15
220  0.71  0.27  0.00499999  1.81498e-28  0.015  4.81625e-13  4.19001e-24  1.30626e-14
221  0.71  0.27  0.00499999  3.17441e-28  0.015  6.36946e-13  7.32933e-24  2.28466e-14
222  0.71  0.27  0.00499999  5.55207e-28  0.015  8.42356e-13  1.28204e-23  3.99588e-14
223  0.71  0.27  0.00499999  9.71061e-28  0.015  1.11401e-12  2.24246e-23  6.98881e-14
224  0.71  0.27  0.00499998  1.69839e-27  0.015  1.47328e-12  3.92231e-23  1.22234e-13
225  0.71  0.27  0.00499998  2.97049e-27  0.015  1.94841e-12  6.86044e-23  2.13788e-13
226  0.71  0.27  0.00499997  5.1954e-27  0.015  2.57676e-12  1.19993e-22  3.73916e-13
227  0.71  0.27  0.00499996  9.08677e-27  0.015  3.40776e-12  2.09875e-22  6.5398e-13
228  0.71  0.27  0.00499995  1.58927e-26  0.015  4.50676e-12  3.67079e-22  1.14381e-12
229  0.71  0.27  0.00499993  2.77964e-26  0.015  5.96019e-12  6.42032e-22  2.00052e-12
230  0.71  0.27  0.00499991  4.86157e-26  0.015  7.88235e-12  1.12293e-21  3.4989e-12
231  0.71  0.27  0.00499988  8.50283e-26  0.015  1.04244e-11  1.96403e-21  6.11953e-12
232  0.71  0.27  0.00499984  1.48713e-25  0.015  1.37863e-11  3.43512e-21  1.0703e-11
233  0.71  0.27  0.00499979  2.60096e-25  0.015  1.82323e-11  6.00806e-21  1.87192e-11
234  0.71  0.27  0.00499972  4.54899e-25  0.015  2.41123e-11  1.05082e-20  3.27393e-11
235  0.71  0.27  0.00499963  7.95597e-25  0.015  3.18885e-11  1.83789e-20  5.72596e-11
236  0.71  0.27  0.00499951  1.39145e-24  0.015  4.21725e-11  3.21448e-20  1.00143e-10
237  0.71  0.27  0.00499935  2.43353e-24  0.015  5.57731e-11  5.62214e-20  1.75142e-10
238  0.71  0.27  0.00499914  4.25596e-24  0.015  7.37599e-11  9.83314e-20  3.06304e-10
239  0.71  0.27  0.00499886  7.44303e-24  0.015  9.75475e-11  1.71982e-19  5.35679e-10
240  0.71  0.27  0.00499849  1.30163e-23  0.015  1.29007e-10  3.00796e-19  9.36792e-10
241  0.71  0.27  0.004998  2.2762e-23  0.015  1.70611e-10  5.2609e-19  1.63819e-09
242  0.71  0.27  0.00499767  3.07343e-23  0.015  1.99033e-10  7.10418e-19  2.21197e-09
243  0.71  0.27  0.00499728  4.14927e-23  0.015  2.31943e-10  9.59199e-19  2.98625e-09
244  0.71  0.27  0.00499684  5.60105e-23  0.015  2.70082e-10  1.29498e-18  4.03111e-09
245  0.71  0.27  0.00499632  7.56016e-23  0.015  3.14311e-10  1.74819e-18  5.44109e-09
246  0.709999  0.27  0.00499572  1.02038e-22  0.015  3.65626e-10  2.35992e-18  7.34377e-09
247  0.709999  0.27  0.00499502  1.37713e-22  0.015  4.25187e-10  3.18565e-18  9.9113e-09
248  0.709999  0.27  0.00499421  1.85853e-22  0.015  4.94336e-10  4.30027e-18  1.3376e-08
249  0.709999  0.27  0.00499327  2.50814e-22  0.015  5.74637e-10  5.80493e-18  1.80512e-08
250  0.709999  0.27  0.00499218  3.38471e-22  0.015  6.67904e-10  7.83621e-18  2.436e-08
251  0.709999  0.27  0.00499091  4.56754e-22  0.015  7.76248e-10  1.05786e-17  3.28729e-08
252  0.709999  0.27  0.00498944  6.1636e-22  0.015  9.02123e-10  1.42813e-17  4.43599e-08
253  0.709998  0.27  0.00498773  8.31722e-22  0.015  1.04838e-09  1.92811e-17  5.98597e-08
254  0.709998  0.27  0.00498575  1.12231e-21  0.015  1.21835e-09  2.60329e-17  8.07738e-08
255  0.709998  0.27  0.00498344  1.51441e-21  0.015  1.41588e-09  3.51517e-17  1.08993e-07
256  0.709997  0.27  0.00498076  2.04344e-21  0.015  1.64548e-09  4.74689e-17  1.47068e-07
257  0.709997  0.27  0.00497765  2.75722e-21  0.015  1.91238e-09  6.4109e-17  1.9844e-07
258  0.709997  0.27  0.00497403  3.72024e-21  0.015  2.2227e-09  8.6593e-17  2.6775e-07
259  0.709996  0.27  0.00496983  5.01947e-21  0.015  2.58355e-09  1.1698e-16  3.61257e-07
260  0.709995  0.27  0.00496494  6.77223e-21  0.015  3.00322e-09  1.58057e-16  4.87406e-07
261  0.709995  0.27  0.00495927  9.13671e-21  0.015  3.4914e-09  2.136e-16  6.57582e-07
262  0.709994  0.27  0.00495267  1.23262e-20  0.015  4.05942e-09  2.88729e-16  8.87137e-07
263  0.709993  0.27  0.00494501  1.66283e-20  0.015  4.7205e-09  3.90389e-16  1.19677e-06
264  0.709991  0.27  0.0049361  2.24307e-20  0.015  5.49012e-09  5.2801e-16  1.61438e-06
265  0.70999  0.27  0.00492575  3.02559e-20  0.015  6.38644e-09  7.14408e-16  2.17758e-06
266  0.709988  0.27  0.00491372  4.08078e-20  0.015  7.43073e-09  9.67024e-16  2.93704e-06
267  0.709986  0.27  0.00489973  5.50348e-20  0.015  8.64803e-09  1.30962e-15  3.96101e-06
268  0.709984  0.27  0.00488347  7.42142e-20  0.015  1.00678e-08  1.77463e-15  5.34143e-06
269  0.709982  0.27  0.00486457  1.00065e-19  0.015  1.17248e-08  2.4064e-15  7.20207e-06
270  0.709979  0.27  0.00484258  1.34902e-19  0.015  1.36603e-08  3.26569e-15  9.70948e-06
271  0.709975  0.27  0.00481701  1.81837e-19  0.015  1.59229e-08  4.43598e-15  1.30877e-05
272  0.709971  0.270001  0.00478726  2.45053e-19  0.015  1.8571e-08  6.03228e-15  1.76378e-05
273  0.709966  0.270001  0.00475264  3.30171e-19  0.015  2.1674e-08  8.21362e-15  2.37645e-05
274  0.70996  0.270001  0.00471234  4.44733e-19  0.015  2.53155e-08  1.12008e-14  3.20107e-05
275  0.709953  0.270002  0.00466542  5.98854e-19  0.015  2.95963e-08  1.53017e-14  4.31046e-05
276  0.709945  0.270002  0.00461078  8.06079e-19  0.015  3.46393e-08  2.09484e-14  5.80214e-05
277  0.709935  0.270003  0.0045471  1.08452e-18  0.015  4.05946e-08  2.87511e-14  7.80654e-05
278  0.709925  0.270005  0.00448084  1.41462e-18  0.015  4.68822e-08  3.82832e-14  0.000101829
279  0.709912  0.270007  0.00440388  1.84997e-18  0.0149999  5.43079e-08  5.12948e-14  0.000133171
280  0.709898  0.270009  0.00431436  2.42489e-18  0.0149999  6.31182e-08  6.91906e-14  0.000174562
281  0.709881  0.270013  0.00421007  3.18474e-18  0.0149999  7.3625e-08  9.40101e-14  0.000229271
282  0.70986  0.270017  0.00408844  4.18928e-18  0.0149999  8.6229e-08  1.28758e-13  0.000301603
283  0.709835  0.270022  0.0039464  5.51686e-18  0.0149999  1.01455e-07  1.77938e-13  0.000397203
284  0.709804  0.27003  0.00378034  7.26956e-18  0.0149999  1.20003e-07  2.4845e-13  0.000523431
285  0.709767  0.270039  0.00358596  9.57914e-18  0.0149999  1.42837e-07  3.51133e-13  0.000689788
286  0.709721  0.27005  0.0033582  1.26134e-17  0.0149998  1.71316e-07  5.0358e-13  0.000908381
287  0.709663  0.270065  0.00309114  1.65817e-17  0.0149998  2.07442e-07  7.35514e-13  0.00119433
288  0.709592  0.270084  0.002778  2.17363e-17  0.0149998  2.54303e-07  1.09983e-12  0.00156586
289  0.709503  0.270109  0.00241558  2.82823e-17  0.0149997  3.16174e-07  1.68851e-12  0.00203788
290  0.709395  0.270142  0.00201223  3.61704e-17  0.0149996  3.97975e-07  2.64937e-12  0.00260696
291  0.70927  0.270186  0.00158621  4.50438e-17  0.0149995  5.06119e-07  4.22617e-12  0.00324761
292  0.709141  0.270239  0.00119976  5.34511e-17  0.0149994  6.34579e-07  6.51984e-12  0.00385519
293  0.709031  0.270292  0.000907533  5.99738e-17  0.0149993  7.63302e-07  9.23568e-12  0.00432715
294  0.708933  0.270345  0.000686561  6.49766e-17  0.0149992  8.92379e-07  1.23567e-11  0.00468965
295  0.708846  0.270398  0.000519468  6.87877e-17  0.014999  1.02193e-06  1.58686e-11  0.00496628
296  0.708767  0.270451  0.000393118  7.16788e-17  0.0149989  1.15211e-06  1.97606e-11  0.00517659
297  0.708694  0.270505  0.000297577  7.38658e-17  0.0149988  1.28314e-06  2.40259e-11  0.00533612
298  0.708625  0.270559  0.00022549  7.55129e-17  0.0149987  1.41495e-06  2.86501e-11  0.00545671
299  0.70856  0.270614  0.000171238  7.6748e-17  0.0149986  1.54739e-06  3.3615e-11  0.00554757
300  0.708496  0.270669  0.00013033  7.7674e-17  0.0149984  1.68101e-06  3.89303e-11  0.00561612
301  0.708434  0.270725  9.94499e-05  7.83673e-17  0.0149983  1.8164e-06  4.46133e-11  0.00566789
302  0.708373  0.270782  7.61252e-05  7.8885e-17  0.0149982  1.95432e-06  5.06937e-11  0.005707
303  0.708311  0.27084  5.85028e-05  7.92698e-17  0.014998  2.0958e-06  5.72189e-11  0.00573655
304  0.708248  0.2709  4.51887e-05  7.95539e-17  0.0149979  2.24228e-06  6.42651e-11  0.00575888
305  0.708182  0.270964  3.51329e-05  7.97612e-17  0.0149978  2.3959e-06  7.19534e-11  0.00577574
306  0.708113  0.271031  2.7544e-05  7.99096e-17  0.0149976  2.55993e-06  8.0481e-11  0.00578847
307  0.708038  0.271105  2.1827e-05  8.00119e-17  0.0149975  2.73979e-06  9.0184e-11  0.00579806
308  0.707952  0.27119  1.75367e-05  8.00769e-17  0.0149973  2.94501e-06  1.01676e-10  0.00580525
309  0.707849  0.271293  1.43458e-05  8.01091e-17  0.014997  3.1946e-06  1.1621e-10  0.0058106
310  0.707713  0.271428  1.20798e-05  8.0107e-17  0.0149967  3.52128e-06  1.36068e-10  0.0058144
311  0.707535  0.271606  1.06939e-05  8.00669e-17  0.0149963  3.9529e-06  1.63548e-10  0.00581672
312  0.707299  0.271841  9.99467e-06  7.99879e-17  0.0149958  4.52299e-06  2.01617e-10  0.00581788
313  0.706988  0.272152  9.71333e-06  7.98687e-17  0.0149951  5.27568e-06  2.54253e-10  0.00581835
314  0.706577  0.272563  9.62564e-06  7.97049e-17  0.0149942  6.26891e-06  3.2665e-10  0.00581848
315  0.706035  0.273106  9.60427e-06  7.94866e-17  0.014993  7.57861e-06  4.25412e-10  0.0058185
316  0.70532  0.273821  9.59887e-06  7.91985e-17  0.0149914  9.30402e-06  5.58776e-10  0.00581849
317  0.704376  0.274764  9.59564e-06  7.88192e-17  0.0149893  1.15742e-05  7.36982e-10  0.00581847
318  0.703135  0.276005  9.59181e-06  7.83208e-17  0.0149865  1.45564e-05  9.72886e-10  0.00581844
319  0.701502  0.277638  9.5868e-06  7.7667e-17  0.0149829  1.84653e-05  1.28284e-09  0.00581841
320  0.699359  0.279781  9.58017e-06  7.6812e-17  0.0149781  2.35744e-05  1.68768e-09  0.00581836
321  0.696552  0.282587  9.57142e-06  7.56975e-17  0.0149719  3.02271e-05  2.21356e-09  0.00581831
322  0.692889  0.28625  9.55987e-06  7.42516e-17  0.0149639  3.88469e-05  2.89243e-09  0.00581824
323  0.688127  0.291012  9.54463e-06  7.23873e-17  0.0149536  4.99433e-05  3.76197e-09  0.00581817
324  0.681969  0.297169  9.52452e-06  7.00023e-17  0.0149404  6.41067e-05  4.86432e-09  0.00581809
325  0.674062  0.305075  9.49802e-06  6.6983e-17  0.0149237  8.19845e-05  6.24297e-09  0.00581801
326  0.663999  0.315137  9.46312e-06  6.32123e-17  0.0149029  0.000104226  7.9365e-09  0.00581795
327  0.651337  0.327797  9.41721e-06  5.85854e-17  0.0148774  0.000131378  9.96793e-09  0.00581793
328  0.635636  0.343496  9.35687e-06  5.30359e-17  0.014847  0.000163728  1.23287e-08  0.00581799
329  0.616515  0.362615  9.27766e-06  4.65715e-17  0.0148118  0.000201078  1.4958e-08  0.00581817
330  0.593747  0.385381  9.17384e-06  3.93177e-17  0.0147726  0.000242498  1.77203e-08  0.00581852
331  0.567366  0.411759  9.03804e-06  3.15552e-17  0.0147311  0.000286128  2.03913e-08  0.00581905
332  0.537782  0.441341  8.86089e-06  2.37318e-17  0.0146901  0.000329169  2.26644e-08  0.00581978
333  0.505853  0.473267  8.63079e-06  1.64205e-17  0.0146527  0.000368225  2.41934e-08  0.00582065
334  0.472883  0.506234  8.33383e-06  1.02073e-17  0.0146222  0.000400072  2.46771e-08  0.00582159
335  0.440514  0.5386  7.95424e-06  5.52456e-18  0.0146005  0.000422702  2.39677e-08  0.00582254
336  0.410509  0.5686  7.47608e-06  2.49589e-18  0.0145876  0.00043615  2.21656e-08  0.00582349
337  0.384482  0.594619  6.88837e-06  8.88032e-19  0.0145815  0.000442467  1.96736e-08  0.00582448
338  0.36363  0.615457  6.20389e-06  2.29253e-19  0.0145794  0.000444638  1.72318e-08  0.00582554
339  0.350578  0.628486  5.64097e-06  5.58152e-20  0.014579  0.000445133  1.58715e-08  0.00582639
340  0.342859  0.636174  5.28766e-06  1.46303e-20  0.0145789  0.000445239  1.53345e-08  0.00582691
341  0.342254  0.636776  5.26094e-06  1.29281e-20  0.0145789  0.000445245  1.53005e-08  0.00582695
