1  9.9999999999999995e-21  0.015480000000000001  150
2  3.4724999999999997e-20  0.015480000000000001  150
3  6.7423812499999977e-20  0.015480000000000001  150
4  1.1066799203124996e-19  0.015480000000000001  150
5  1.6785841946132805e-19  0.015480000000000001  150
6  2.434927597376063e-19  0.015480000000000001  150
7  3.4351917475298428e-19  0.015480000000000001  150
8  4.7580410861082162e-19  0.015480000000000001  150
9  6.5075093363781145e-19  0.015480000000000001  150
10  8.8211810973600556e-19  0.015480000000000001  150
11  1.188101200125867e-18  0.015480000000000001  150
12  1.5927638371664588e-18  0.015480000000000001  150
13  2.1279301746526416e-18  0.015480000000000001  150
14  2.8356876559781182e-18  0.015480000000000001  150
15  3.7716969250310604e-18  0.015480000000000001  150
16  5.0095691833535763e-18  0.015480000000000001  150
17  6.6466552449851043e-18  0.015480000000000001  150
18  8.8117015614927991e-18  0.015480000000000001  150
19  1.1674975315074224e-17  0.015480000000000001  150
20  1.5461654854185656e-17  0.015480000000000001  150
21  2.0469538544660526e-17  0.015480000000000001  150
22  2.7092464725313542e-17  0.015480000000000001  150
23  3.5851284599227151e-17  0.015480000000000001  150
24  4.74348238824779e-17  0.015480000000000001  150
25  6.2754054584577016e-17  0.015480000000000001  150
26  8.3013737188103094e-17  0.015480000000000001  150
27  1.0980716743126632e-16  0.015480000000000001  150
28  1.452414789278497e-16  0.015480000000000001  150
29  1.9210335588208121e-16  0.015480000000000001  150
30  2.5407818815405238e-16  0.015480000000000001  150
31  3.3603990383373418e-16  0.015480000000000001  150
32  4.4443427282011337e-16  0.015480000000000001  150
33  5.8778582580459986e-16  0.015480000000000001  150
34  7.7736825462658329e-16  0.015480000000000001  150
35  1.0280910167436563e-15  0.015480000000000001  150
36  1.3596718696434851e-15  0.015480000000000001  150
37  1.7981875476035086e-15  0.015480000000000001  150
38  2.3781245317056396e-15  0.015480000000000001  150
39  3.1450911931807079e-15  0.015480000000000001  150
40  4.1594046029814853e-15  0.015480000000000001  150
41  5.5008340874430138e-15  0.015480000000000001  150
42  7.2748745806433853e-15  0.015480000000000001  150
43  9.6210431329008743e-15  0.015480000000000001  150
44  1.2723851043261403e-14  0.015480000000000001  150
45  1.6827314504713201e-14  0.015480000000000001  150
46  2.2254144932483205e-14  0.015480000000000001  150
47  2.9431128173209033e-14  0.015480000000000001  150
48  3.8922688509068945e-14  0.015480000000000001  150
49  5.1475277053243672e-14  0.015480000000000001  150
50  6.8076075402914739e-14  0.015480000000000001  150
51  9.0030631220354728e-14  0.015480000000000001  150
52  1.190655312889191e-13  0.015480000000000001  150
53  1.5746418662959548e-13  0.015480000000000001  150
54  2.0824640831763999e-13  0.015480000000000001  150
55  2.7540589650007886e-13  0.015480000000000001  150
56  3.6422431962135425e-13  0.015480000000000001  150
57  4.8168668419924093e-13  0.015480000000000001  150
58  6.3703066135349601e-13  0.015480000000000001  150
59  8.4247307113999833e-13  0.015480000000000001  150
60  1.1141706580826478e-12  0.015480000000000001  150
61  1.4734907168143017e-12  0.015480000000000001  150
62  1.9486914944869138e-12  0.015480000000000001  150
63  2.577144522958943e-12  0.015480000000000001  150
64  3.4082736531132013e-12  0.015480000000000001  150
65  4.5074419277422087e-12  0.015480000000000001  150
66  5.9610919709390698e-12  0.015480000000000001  150
67  7.8835441530669176e-12  0.015480000000000001  150
68  1.0425987163930998e-11  0.015480000000000001  150
69  1.3788368045798741e-11  0.015480000000000001  150
70  1.823511676206883e-11  0.015480000000000001  150
71  2.4115941939336028e-11  0.015480000000000001  150
72  3.1893333236271893e-11  0.015480000000000001  150
73  4.2178933226469574e-11  0.015480000000000001  150
74  5.5781639213506001e-11  0.015480000000000001  150
75  7.3771217881361685e-11  0.015480000000000001  150
76  9.7562435669600819e-11  0.015480000000000001  150
77  1.2902632119454705e-10  0.015480000000000001  150
78  1.7063730980128845e-10  0.015480000000000001  150
79  2.2566784223370392e-10  0.015480000000000001  150
80  2.9844572137557339e-10  0.015480000000000001  150
81  3.9469446654069575e-10  0.015480000000000001  150
82  5.2198343202157003e-10  0.015480000000000001  150
83  6.9032308887002627e-10  0.015480000000000001  150
84  9.1295228505210957e-10  0.015480000000000001  150
85  1.2073793970029146e-09  0.015480000000000001  150
86  1.5967592525578544e-09  0.015480000000000001  150
87  2.111714111529262e-09  0.015480000000000001  150
88  2.7927419125189482e-09  0.015480000000000001  150
89  3.6934011793278086e-09  0.015480000000000001  150
90  4.884523059682526e-09  0.015480000000000001  150
91  6.4597817464516395e-09  0.015480000000000001  150
92  8.5430613597037927e-09  0.015480000000000001  150
93  1.1298198648229763e-08  0.015480000000000001  150
94  1.4941867712305359e-08  0.015480000000000001  150
95  1.9760620049545331e-08  0.015480000000000001  150
96  2.6133420015545197e-08  0.015480000000000001  150
97  3.4561447970580016e-08  0.015480000000000001  150
98  4.570751494111357e-08  0.015480000000000001  150
99  6.044818850964418e-08  0.015480000000000001  150
100  7.9942729304025906e-08  0.015480000000000001  150
101  1.0572425950459574e-07  0.015480000000000001  150
102  1.3982033319484935e-07  0.015480000000000001  150
103  1.8491239065020975e-07  0.015480000000000001  150
104  2.4454663663492386e-07  0.015480000000000001  150
105  3.2341292694970825e-07  0.015480000000000001  150
106  4.2771359589101061e-07  0.015480000000000001  150
107  5.6565123056588297e-07  0.015480000000000001  150
108  7.4807375242340165e-07  0.015480000000000001  150
109  9.8932753757997007e-07  0.015480000000000001  150
110  1.3083856684495315e-06  0.015480000000000001  150
111  1.7303400465245266e-06  0.015480000000000001  150
112  2.2883747115287076e-06  0.015480000000000001  150
113  3.026375555996737e-06  0.015480000000000001  150
114  4.0023816728057058e-06  0.015480000000000001  150
115  5.2931497622855662e-06  0.015480000000000001  150
116  7.0001905606226818e-06  0.015480000000000001  150
117  9.2577520164235166e-06  0.015480000000000001  150
118  1.2243377041720119e-05  0.015480000000000001  150
119  1.6191866137674875e-05  0.015480000000000001  150
120  2.1413742967075039e-05  0.015480000000000001  150
121  2.8319675073956755e-05  0.015480000000000001  150
122  3.7452770285307822e-05  0.015480000000000001  150
123  4.953128870231961e-05  0.015480000000000001  150
124  6.5505129308817699e-05  0.015480000000000001  150
125  8.6630533510911423e-05  0.015480000000000001  150
126  0.00011456888056818038  0.015480000000000001  150
127  0.00015151734455141853  0.015480000000000001  150
128  0.00020038168816925099  0.015480000000000001  150
129  0.00026500478260383444  0.015480000000000001  150
130  0.00035046882499357101  0.015480000000000001  150
131  0.00046349502105399765  0.015480000000000001  150
132  0.00061297216534391189  0.015480000000000001  150
133  0.00081065568866732333  0.015480000000000001  150
134  0.001072092148262535  0.015480000000000001  150
135  0.0014178418660772023  0.015480000000000001  150
136  0.0018750958678870999  0.015480000000000001  150
137  0.0024798142852806892  0.015480000000000001  150
138  0.0032795543922837108  0.015480000000000001  150
139  0.0043372106837952073  0.015480000000000001  150
140  0.0057359611293191608  0.015480000000000001  150
141  0.0075858085935245892  0.015480000000000001  150
142  0.010032231864936268  0.015480000000000001  150
143  0.013267626641378212  0.015480000000000001  150
144  0.017546436233222683  0.015480000000000001  150
145  0.023205161918436995  0.015480000000000001  150
146  0.030688826637132922  0.015480000000000001  150
147  0.040585973227608284  0.015480000000000001  150
148  0.053674949593511947  0.015480000000000001  150
149  0.070985120837419535  0.015480000000000001  150
150  0.093877822307487313  0.015480000000000001  150
151  0.12415342000165196  0.015480000000000001  150
152  0.16419289795218467  0.015480000000000001  150
153  0.21714510754176417  0.015480000000000001  150
154  0.28717440472398309  0.015480000000000001  150
155  0.37978815024746759  0.015480000000000001  150
156  0.50226982870227577  0.015480000000000001  150
157  0.66425184845875962  0.015480000000000001  150
158  0.87847306958670934  0.015480000000000001  150
159  1.161780634528423  0.015480000000000001  150
160  1.536454889163839  0.015480000000000001  150
161  2.0319615909191766  0.015480000000000001  150
162  2.6872692039906108  0.015480000000000001  150
163  3.5539135222775822  0.015480000000000001  150
164  4.7000506332121024  0.015480000000000001  150
165  6.2158169624230046  0.015480000000000001  150
166  8.2204179328044233  0.015480000000000001  150
167  10.871502716133849  0.015480000000000001  150
168  14.377562342087012  0.015480000000000001  150
169  19.014326197410071  0.015480000000000001  150
170  25.146446396074815  0.015480000000000001  150
171  33.256175358808932  0.015480000000000001  150
172  43.981291912024801  0.015480000000000001  150
173  58.165258553652791  0.015480000000000001  150
174  76.923554437205809  0.015480000000000001  150
175  101.73140074320466  0.015480000000000001  150
176  134.53977748288813  0.015480000000000001  150
177  177.9288557211195  0.015480000000000001  150
178  235.31091169118048  0.015480000000000001  150
179  311.19868071158612  0.015480000000000001  150
180  411.56025524107258  0.015480000000000001  150
181  544.2884375563184  0.015480000000000001  150
182  719.82145866823089  0.015480000000000001  150
183  951.96387908873521  0.015480000000000001  150
184  1258.9722300948522  0.015480000000000001  150
185  1664.9907743004419  0.015480000000000001  150
186  2201.9502990123337  0.015480000000000001  150
187  2912.0792704438109  0.015480000000000001  150
188  3851.2248351619392  0.015480000000000001  150
189  5093.2448445016635  0.015480000000000001  150
190  6735.8163068534486  0.015480000000000001  150
191  8908.1170658136853  0.015480000000000001  150
192  11780.984819538597  0.015480000000000001  150
193  15580.352423839793  0.015480000000000001  150
194  20605.016080528123  0.015480000000000001  150
195  27250.133766498438  0.015480000000000001  150
196  36038.301906194181  0.015480000000000001  150
197  47660.654270941799  0.015480000000000001  150
198  63031.215273320515  0.015480000000000001  150
199  83358.782198966364  0.015480000000000001  150
200  110241.98945813302  0.015480000000000001  150
201  145795.0310583809  0.015480000000000001  150
202  192813.92857470873  0.015480000000000001  150
203  254996.42054005223  0.015480000000000001  150
204  337232.76616421901  0.015480000000000001  150
205  445990.33325217955  0.015480000000000001  150
206  589822.21572600736  0.015480000000000001  150
207  780039.88029764465  0.015480000000000001  150
208  1031602.7416936349  0.015480000000000001  150
209  1364294.6258898322  0.015480000000000001  150
210  1804279.6427393027  0.015480000000000001  150
211  2386159.8275227277  0.015480000000000001  150
212  3155696.3718988067  0.015480000000000001  150
213  4173408.4518361706  0.015480000000000001  150
214  5519332.6775533352  0.015480000000000001  150
215  7299317.4660642846  0.015480000000000001  150
216  9653347.3488700148  0.015480000000000001  150
217  12766551.868880592  0.015480000000000001  150
218  16883764.84659458  0.015480000000000001  150
219  22328779.00962133  0.015480000000000001  150
220  29529810.240224205  0.015480000000000001  150
221  39053174.042696506  0.015480000000000001  150
222  51647822.671466112  0.015480000000000001  150
223  68304245.483013928  0.015480000000000001  150
224  90332364.651285902  0.015480000000000001  150
225  119464552.25132558  0.015480000000000001  150
226  157991870.35237804  0.015480000000000001  150
227  208944248.54101992  0.015480000000000001  150
228  276328768.69549876  0.015480000000000001  150
229  365444796.59979707  0.015480000000000001  150
230  483300743.50323159  0.015480000000000001  150
231  639165233.28302372  0.015480000000000001  150
232  845296021.01679873  0.015480000000000001  150
233  1117903987.7947161  0.015480000000000001  150
234  1478428023.8585119  0.015480000000000001  150
235  1955221061.5528817  0.015480000000000001  150
236  2585779853.9036856  0.015480000000000001  150
237  3419693856.7876239  0.015480000000000001  150
238  4522545125.6016321  0.015480000000000001  150
239  5981065928.6081572  0.015480000000000001  150
240  7909959690.5842857  0.015480000000000001  150
241  10460921690.797718  0.015480000000000001  150
242  13834568936.079981  0.015480000000000001  150
243  18296217417.965775  0.015480000000000001  150
244  24196747535.259731  0.015480000000000001  150
245  32000198615.380985  0.015480000000000001  150
246  42320262668.841339  0.015480000000000001  150
247  55968547379.542664  0.015480000000000001  150
248  74018403909.44516  0.015480000000000001  150
249  97889339170.241211  0.015480000000000001  150
250  129458651052.64398  0.015480000000000001  150
251  171209066017.12164  0.015480000000000001  150
252  226423989807.64334  0.015480000000000001  150
253  299445726520.60828  0.015480000000000001  150
254  396016973323.50433  0.015480000000000001  150
255  523732447220.33441  0.015480000000000001  150
256  692636161448.89209  0.015480000000000001  150
257  916011323516.15967  0.015480000000000001  150
258  1211424975350.1211  0.015480000000000001  150
259  1602109529900.5349  0.015480000000000001  150
260  2118789853293.457  0.015480000000000001  150
261  2802099580980.5967  0.015480000000000001  150
262  3705776695846.8389  0.015480000000000001  150
263  4900889680257.4434  0.015480000000000001  150
264  6481426602140.4678  0.015480000000000001  150
265  8571686681330.7676  0.015480000000000001  150
266  11336055636059.939  0.015480000000000001  150
267  14991933578689.268  0.015480000000000001  150
268  19826832157816.555  0.015480000000000001  150
269  26220985528712.391  0.015480000000000001  150
270  34677253361722.133  0.015480000000000001  150
271  45860667570877.516  0.015480000000000001  150
272  60650732862485.508  0.015480000000000001  150
273  80210594210637.078  0.015480000000000001  150
274  106078510843567.52  0.015480000000000001  150
275  140288830590618.03  0.015480000000000001  150
276  185531978456092.31  0.015480000000000001  150
277  245366041508182.06  0.015480000000000001  150
278  324496589894570.75  0.015480000000000001  150
279  429146740135569.75  0.015480000000000001  150
280  567546563829290.88  0.015480000000000001  150
281  750580330664237.12  0.015480000000000001  150
282  992642487303453.5  0.015480000000000001  150
283  1312769689458817  0.015480000000000001  150
284  1736137914309285.2  0.015480000000000001  150
285  2296042391674029.5  0.015480000000000001  150
286  3036516062988904  0.015480000000000001  150
287  4015792493302825  0.015480000000000001  150
288  5310885572392985  0.015480000000000001  150
289  7023646169489721  0.015480000000000001  150
290  9288772059150156  0.015480000000000001  150
291  12284401048226078  0.015480000000000001  150
292  16246120386278986  0.015480000000000001  150
293  21485494210853956  0.015480000000000001  150
294  28414566093854352  0.015480000000000001  150
295  37578263659122376  0.015480000000000001  150
296  49697253689189336  0.015480000000000001  150
297  65724618003952896  0.015480000000000001  150
298  86920807310227696  0.015480000000000001  150
299  1.149527676677761e+17  0.015480000000000001  150
300  1.44e+17  0.015480000000000001  150
