1  1  0
2  1  0
3  1  0
4  1  0
5  1  0
6  1  0
7  1  0
8  1  0
9  1  0
10  1  0
11  1  0
12  1  0
13  1  0
14  1  0
15  1  0
16  1  0
17  1  0
18  1  0
19  1  0
20  1  0
21  1  0
22  1  0
23  1  0
24  1  0
25  1  0
26  1  0
27  1  0
28  1  0
29  1  0
30  1  0
31  1  0
32  1  0
33  1  0
34  1  0
35  1  0
36  1  0
37  1  0
38  1  0
39  1  0
40  1  0
41  1  0
42  1  0
43  1  0
44  1  0
45  1  0
46  1  0
47  1  0
48  1  0
49  1  0
50  1  0
51  1  0
52  1  0
53  1  0
54  1  0
55  1  0
56  1  0
57  1  0
58  1  0
59  1  0
60  1  0
61  1  0
62  1  0
63  1  0
64  1  0
65  1  0
66  1  0
67  1  0
68  1  0
69  1  0
70  1  0
71  1  0
72  1  0
73  1  0
74  1  0
75  1  0
76  1  0
77  1  0
78  1  0
79  1  0
80  1  0
81  1  0
82  1  0
83  1  0
84  1  0
85  1  0
86  1  0
87  1  0
88  1  0
89  1  0
90  1  0
91  1  0
92  1  0
93  1  0
94  1  0
95  1  7.08099e-61
96  1  2.34597e-60
97  1  6.13448e-60
98  1  1.48975e-59
99  1  3.5167e-59
100  1  8.20514e-59
101  1  1.90498e-58
102  1  4.41342e-58
103  1  1.02156e-57
104  1  2.36363e-57
105  1  5.46793e-57
106  1  1.26484e-56
107  1  2.92572e-56
108  1  6.76743e-56
109  1  1.56535e-55
110  1  3.62076e-55
111  1  8.37504e-55
112  1  1.9372e-54
113  1  4.48085e-54
114  1  1.03645e-53
115  1  2.39736e-53
116  1  5.54522e-53
117  1  1.28264e-52
118  1  2.9668e-52
119  1  6.86235e-52
120  1  1.58729e-51
121  1  3.67145e-51
122  1  8.49216e-51
123  1  1.96425e-50
124  1  4.5433e-50
125  1  1.05086e-49
126  1  2.43058e-49
127  1  2.81612e-48
128  1  9.62864e-48
129  1  2.80193e-47
130  1  7.861e-47
131  1  2.20252e-46
132  1  6.23166e-46
133  1  1.7853e-45
134  1  5.1769e-45
135  1  1.51717e-44
136  1  4.48577e-44
137  1  1.33576e-43
138  1  3.99978e-43
139  1  1.20277e-42
140  1  3.62802e-42
141  1  1.09666e-41
142  1  3.31905e-41
143  1  1.00496e-40
144  1  3.04185e-40
145  1  9.19677e-40
146  1  2.77492e-39
147  1  8.34699e-39
148  1  2.49993e-38
149  1  7.44328e-38
150  1  2.19884e-37
151  1  6.42917e-37
152  1  1.85493e-36
153  1  5.26134e-36
154  1  1.46056e-35
155  1  3.94772e-35
156  1  1.03297e-34
157  1  2.60132e-34
158  1  6.27093e-34
159  1  1.44148e-33
160  1  3.15511e-33
161  1  6.58794e-33
162  1  1.31893e-32
163  1  2.55041e-32
164  1  4.80119e-32
165  1  8.86139e-32
166  1  1.61234e-31
167  1  2.90359e-31
168  1  5.18993e-31
169  1  9.22566e-31
170  1  1.6333e-30
171  1  2.88284e-30
172  1  5.07683e-30
173  1  8.92542e-30
174  1  1.56716e-29
175  1  2.74904e-29
176  1  4.81876e-29
177  1  8.44219e-29
178  1  1.47841e-28
179  1  2.58823e-28
180  1  4.53011e-28
181  1  7.92752e-28
182  1  1.3871e-27
183  1  2.42681e-27
184  1  4.2455e-27
185  1  7.42674e-27
186  1  1.29912e-26
187  1  2.2724e-26
188  1  3.97475e-26
189  1  6.95227e-26
190  1  1.21601e-25
191  1  2.12689e-25
192  1  3.72004e-25
193  1  6.68662e-25
194  1  1.16186e-24
195  1  2.02201e-24
196  1  3.52316e-24
197  1  6.14443e-24
198  1  1.07234e-23
199  1  1.87248e-23
200  1  3.27097e-23
201  1  5.71573e-23
202  1  9.99014e-23
203  1  1.74644e-22
204  1  3.05352e-22
205  1  5.33951e-22
206  1  9.33792e-22
207  1  1.63321e-21
208  1  2.8568e-21
209  1  4.99762e-21
210  1  8.74382e-21
211  1  1.53005e-20
212  1  2.67789e-20
213  1  4.68799e-20
214  1  8.2095e-20
215  1  1.43822e-19
216  1  2.52098e-19
217  1  4.42202e-19
218  1  7.76454e-19
219  1  1.36511e-18
220  1  2.40387e-18
221  1  4.24191e-18
222  1  7.5058e-18
223  1  1.33281e-17
224  1  2.37742e-17
225  1  4.26529e-17
226  1  7.70788e-17
227  1  1.40545e-16
228  1  2.59075e-16
229  1  4.83798e-16
230  1  9.17117e-16
231  1  1.76816e-15
232  1  3.47213e-15
233  1  6.95082e-15
234  1  1.4188e-14
235  1  2.95128e-14
236  1  6.24843e-14
237  1  1.3442e-13
238  1  2.93238e-13
239  1  6.47347e-13
240  1  1.44325e-12
241  1  3.24369e-12
242  1  7.33724e-12
243  1  1.66815e-11
244  0.999999  3.80768e-11
245  0.999999  8.71796e-11
246  0.999999  2.00066e-10
247  0.999999  4.59909e-10
248  0.999999  6.26868e-10
249  0.999998  8.53918e-10
250  0.999998  1.16269e-09
251  0.999998  1.5826e-09
252  0.999998  2.15365e-09
253  0.999998  2.93021e-09
254  0.999997  3.98622e-09
255  0.999997  5.4222e-09
256  0.999997  7.37479e-09
257  0.999996  1.00298e-08
258  0.999996  1.36396e-08
259  0.999996  1.85473e-08
260  0.999995  2.5219e-08
261  0.999995  3.42881e-08
262  0.999994  4.66145e-08
263  0.999993  6.33657e-08
264  0.999993  8.61264e-08
265  0.999992  1.17046e-07
266  0.999991  1.59038e-07
267  0.99999  2.1605e-07
268  0.999989  2.93425e-07
269  0.999988  3.98387e-07
270  0.999987  5.40691e-07
271  0.999985  7.33486e-07
272  0.999984  9.9447e-07
273  0.999982  1.3474e-06
274  0.99998  1.82408e-06
275  0.999977  2.46695e-06
276  0.999975  3.33243e-06
277  0.999972  4.49522e-06
278  0.999969  6.05368e-06
279  0.999965  8.13683e-06
280  0.999961  1.0913e-05
281  0.999956  1.46014e-05
282  0.99995  1.94872e-05
283  0.999943  2.59426e-05
284  0.999934  3.44577e-05
285  0.999922  4.56829e-05
286  0.999908  6.04871e-05
287  0.999888  8.00306e-05
288  0.999862  0.000105854
289  0.999828  0.000139995
290  0.999783  0.000185143
291  0.999723  0.000244845
292  0.999644  0.00032379
293  0.99954  0.000428178
294  0.999402  0.0005662
295  0.999219  0.000748679
296  0.998978  0.000989913
297  0.998659  0.00130878
298  0.998238  0.00173019
299  0.997681  0.002287
300  0.996946  0.00302249
301  0.995974  0.00399363
302  0.994693  0.00527527
303  0.993003  0.00696553
304  0.990776  0.00919274
305  0.987844  0.012124
306  0.983993  0.015976
307  0.978941  0.0210276
308  0.972334  0.027635
309  0.963722  0.0362474
310  0.952547  0.0474227
311  0.938131  0.0618392
312  0.919673  0.0802977
313  0.896266  0.103706
314  0.866941  0.133032
315  0.830755  0.169219
316  0.786928  0.213048
317  0.735032  0.264945
318  0.675204  0.324775
319  0.608337  0.391645
320  0.536176  0.463809
321  0.461263  0.538724
322  0.386686  0.613304
323  0.317991  0.682001
324  0.288587  0.711406
